B,1	5.70	38.72	50	321	2137
B,2	5.75	40.09	107	912	2155
B,3	5.82	42.28	354	2450	2184
B,4	5.88	43.92	1454	12645	2206
B,5	5.91	44.65	1717	25908	2216
B,6	6.00	47.21	819	7075	2251
B,7	6.06	48.65	598	6092	2271
B,8	6.11	50.13	1529	18248	2292
B,9	6.23	52.94	123	982	2335
B,10	6.28	54.24	778	8507	2355
B,11	6.37	56.32	223	1964	2387
B,12	6.46	58.66	1188	10927	2423
B,13	6.50	59.69	183	1492	2439
B,14	6.58	61.57	1096	12275	2468
B,15	6.64	63.06	550	4871	2491
B,16	6.70	64.48	1815	25423	2513
B,17	6.90	69.38	2230	25304	2589
B,18	6.94	70.16	3978	35509	2601
B,19	7.00	71.77	1241	11456	2626
B,20	7.06	73.06	2006	25057	2646
B,21	7.13	74.87	742	6493	2674
B,22	7.17	75.80	128	945	2687
B,23	7.20	76.81	376	3070	2701
B,24	7.26	78.42	1257	9624	2723
B,25	7.34	80.48	2061	22896	2751
B,26	7.39	81.88	592	4653	2770
B,27	7.42	82.77	334	2432	2782
B,28	7.45	83.51	60	236	2792
B,29	7.50	85.15	648	5234	2814
B,30	7.58	87.25	731	6614	2842
B,31	7.65	89.21	3938	40207	2868
B,32	7.72	91.19	436	4880	2894
B,33	7.80	93.64	271	2093	2926
B,34	7.83	94.56	764	5478	2938
B,35	7.98	98.67	622	5097	2991
B,36	8.01	99.76	1329	12504	3005
B,37	8.06	101.17	406	2949	3024
B,38	8.23	105.65	652	4445	3085
B,39	8.26	106.61	2478	22354	3098
B,40	8.30	107.65	4218	36236	3112
B,41	8.35	109.22	572	4239	3133
B,42	8.46	112.14	1976	16674	3172
B,43	8.59	115.77	1795	14593	3220
B,44	8.62	116.61	1744	21889	3231
B,45	8.68	118.37	1552	12812	3254
B,46	8.75	120.44	292	2700	3281
B,47	8.81	122.06	2034	24040	3302
B,48	8.92	125.40	914	10937	3345
B,49	9.05	129.09	363	3245	3392
B,50	9.08	130.19	2787	24307	3406
B,51	9.14	132.02	382	2589	3429
B,52	9.21	134.09	2893	31449	3455
B,53	9.25	135.05	3004	28636	3467
B,54	9.33	137.54	649	4776	3498
B,55	9.37	138.68	107	930	3512
B,56	9.41	140.12	1348	9505	3529
B,57	9.44	140.99	2605	24478	3539
B,58	9.50	143.15	1598	13680	3564
B,59	9.67	148.52	7547	80115	3626
B,60	9.87	154.78	86	579	3700
B,61	9.90	155.70	463	5014	3711
B,62	10.04	160.08	202	1535	3764
B,63	10.10	162.11	1332	11558	3789
B,64	10.19	164.70	826	8682	3821
B,65	10.23	165.83	928	10682	3835
B,66	10.35	169.54	4938	67697	3881
B,67	10.39	170.92	826	6768	3898
B,68	10.52	174.63	734	8824	3944
B,69	10.57	176.24	819	7958	3964
B,70	10.71	180.35	1140	15402	4015
B,71	10.77	182.20	218	1881	4038
B,72	10.90	186.30	2608	22363	4089
B,73	10.97	188.22	1976	18231	4113
B,74	11.05	190.63	124	870	4143
B,75	11.13	193.11	117	1176	4174
B,76	11.29	198.00	536	8525	4235
B,77	11.41	201.38	216	1562	4277
B,78	11.44	202.43	1358	13361	4290
B,79	11.55	205.92	2055	26714	4333
B,80	11.58	206.74	1195	9663	4343
B,81	11.78	212.70	4099	41351	4416
B,82	11.87	215.74	90	984	4453
B,83	11.93	217.38	58	600	4473
B,84	11.97	218.70	63	486	4489
B,85	12.03	220.59	232	2042	4512
B,86	12.23	226.63	88	933	4585
B,87	12.51	235.63	802	6850	4693
B,88	12.55	236.72	1655	15637	4706
B,89	12.58	237.72	1910	22934	4718
B,90	12.67	240.58	382	3039	4752
B,91	12.74	242.85	585	6369	4779
B,92	12.77	243.78	920	9248	4790
B,93	12.82	245.30	1085	9403	4808
B,94	12.98	250.20	1966	17423	4866
B,95	13.03	251.82	278	2074	4885
B,96	13.09	253.77	2085	21001	4908
B,97	13.22	257.95	224	2172	4957
B,98	13.31	260.77	87	534	4990
B,99	13.37	262.91	3371	31360	5015
B,100	13.44	264.97	695	6444	5039
B,101	13.56	268.94	1355	16223	5085
B,102	13.86	278.73	410	3700	5198
B,103	13.93	280.82	396	3551	5222
B,104	14.11	286.94	198	1738	5292
B,105	14.23	290.90	241	2476	5337
B,106	14.34	294.42	151	1690	5377
B,107	14.48	299.11	1408	14894	5430
B,108	14.80	310.23	168	2513	5549
B,109	15.12	321.38	467	4621	5670
B,110	15.25	325.66	1143	11578	5717
B,111	15.29	327.10	577	5722	5733
B,112	15.40	330.98	1258	18554	5776
B,113	15.46	332.78	845	7914	5796
B,114	15.61	337.78	723	7547	5852
B,115	15.63	338.58	758	9317	5861
B,116	15.87	346.16	237	2930	5952
B,117	16.03	351.10	1579	22750	6012
B,118	16.32	360.40	689	7175	6121
B,119	16.42	363.42	534	6202	6156
B,120	16.54	367.59	93	1089	6204
B,121	16.68	371.97	1957	21286	6254
B,122	16.75	374.44	67	539	6282
B,123	16.85	377.64	310	3235	6318
B,124	16.89	379.15	1731	18776	6335
B,125	16.99	382.29	135	1185	6370
B,126	17.78	409.76	397	5006	6669
B,127	17.83	411.53	56	443	6688
B,128	18.16	423.07	90	956	6811
B,129	18.39	431.00	1005	12366	6895
B,130	18.85	447.69	1577	19233	7070
B,131	19.18	459.12	83	1129	7193
B,132	19.45	468.63	1816	22548	7294
B,133	20.22	497.41	195	3184	7583
G,1	5.92	44.87	76	990	2219
G,2	6.12	50.33	60	667	2295
G,3	6.71	64.74	72	938	2517
G,4	6.91	69.45	73	764	2590
G,5	6.94	70.35	112	1170	2604
G,6	7.07	73.32	72	843	2650
G,7	7.34	80.55	66	725	2752
G,8	7.66	89.59	115	1362	2873
G,9	8.27	106.84	74	670	3101
G,10	8.31	107.88	113	1150	3115
G,11	8.46	112.29	65	713	3174
G,12	8.59	115.92	55	337	3222
G,13	8.62	116.76	50	423	3233
G,14	8.81	122.29	59	743	3305
G,15	9.09	130.27	79	795	3407
G,16	9.22	134.33	83	836	3458
G,17	9.25	135.13	90	991	3468
G,18	9.44	141.16	79	860	3541
G,19	9.52	143.58	51	501	3569
G,20	9.67	148.70	199	2532	3628
G,21	10.36	169.79	160	2028	3884
G,22	10.91	186.46	78	766	4091
G,23	10.98	188.54	64	674	4117
G,24	11.56	206.09	63	722	4335
G,25	11.79	213.03	140	1386	4420
G,26	12.59	238.06	64	839	4722
G,27	12.98	250.46	62	608	4869
G,28	13.10	254.03	53	767	4911
G,29	13.39	263.34	88	906	5020
G,30	16.05	351.52	54	805	6017
G,31	16.69	372.41	52	642	6259
G,32	19.47	469.30	53	684	7301
Y,1	6.92	69.77	51	229	2595
Y,2	6.97	71.06	88	1224	2615
Y,3	7.02	72.22	64	862	2633
Y,4	7.30	79.37	57	803	2736
Y,5	8.28	107.13	71	432	3105
Y,6	8.43	111.24	55	656	3160
Y,7	8.51	113.65	80	1568	3192
Y,8	8.53	114.18	80	1429	3199
Y,9	8.66	117.83	50	575	3247
Y,10	8.71	119.21	63	716	3265
Y,11	8.73	119.75	62	722	3272
Y,12	8.77	121.05	58	810	3289
Y,13	9.13	131.46	112	1954	3422
Y,14	9.17	132.73	109	2158	3438
Y,15	9.47	142.11	65	824	3552
Y,16	10.94	187.34	75	1041	4102
Y,17	11.49	203.89	54	1358	4308
Y,18	13.02	251.48	72	1044	4881
Y,19	13.05	252.50	78	1338	4893
R,1	5.57	35.00	601	5778	2089
R,2	6.11	50.00	735	6459	2290
R,3	7.14	75.00	840	7083	2676
R,4	8.02	100.00	951	7677	3008
R,5	9.38	139.00	1058	8582	3516
R,6	9.68	148.78	79	742	3629
R,7	9.71	150.00	1107	8908	3643
R,8	10.03	160.00	1123	8955	3763
R,9	10.35	169.63	51	663	3882
R,10	11.36	200.00	1197	9947	4260
R,11	12.87	246.82	1223	10968	4826
R,12	14.51	300.00	1337	12443	5440
R,13	15.67	340.00	1335	12961	5877
R,14	16.00	350.00	1379	13453	5999
R,15	17.50	400.00	1414	14592	6564
R,16	18.92	450.00	1422	15117	7094
R,17	20.03	490.00	1450	16353	7513
R,18	20.29	500.00	1447	16429	7607