B,1	5.66	35.47	75	800	2122
B,2	5.73	37.56	52	478	2149
B,3	5.78	38.86	68	557	2166
B,4	5.90	42.25	348	2231	2211
B,5	5.98	44.61	2339	46641	2243
B,6	6.08	47.22	469	4516	2279
B,7	6.13	48.65	532	6236	2299
B,8	6.19	50.19	1107	14398	2321
B,9	6.27	52.14	289	2012	2351
B,10	6.30	52.92	102	600	2363
B,11	6.36	54.27	868	8851	2384
B,12	6.44	56.21	328	3038	2414
B,13	6.54	58.59	710	5574	2451
B,14	6.58	59.75	166	1142	2469
B,15	6.62	60.65	1156	11219	2483
B,16	6.66	61.61	991	9864	2498
B,17	6.72	63.09	397	5003	2521
B,18	6.78	64.37	1321	18561	2541
B,19	6.95	68.53	74	459	2606
B,20	6.99	69.43	703	3976	2620
B,21	7.02	70.13	4247	38503	2631
B,22	7.09	71.80	1352	13181	2657
B,23	7.13	72.95	2292	33831	2675
B,24	7.25	75.79	332	3232	2718
B,25	7.29	76.88	457	4518	2733
B,26	7.35	78.47	920	7354	2755
B,27	7.42	80.44	2366	28552	2782
B,28	7.50	82.72	305	2322	2813
B,29	7.59	85.16	600	4192	2846
B,30	7.63	86.20	245	1813	2860
B,31	7.67	87.40	487	4759	2876
B,32	7.73	89.20	4705	52201	2900
B,33	7.80	91.09	1251	13598	2925
B,34	7.89	93.75	155	1836	2960
B,35	8.07	98.76	367	3125	3025
B,36	8.10	99.77	1283	12736	3038
B,37	8.15	101.16	452	3922	3057
B,38	8.20	102.46	229	1748	3075
B,39	8.22	103.11	164	1170	3084
B,40	8.31	105.59	944	7080	3118
B,41	8.35	106.62	2810	26998	3132
B,42	8.39	107.65	3296	29657	3146
B,43	8.45	109.28	919	9852	3168
B,44	8.55	112.10	1183	10399	3206
B,45	8.68	115.70	2718	23603	3254
B,46	8.71	116.53	1833	21182	3265
B,47	8.78	118.50	1142	9077	3291
B,48	8.85	120.48	368	2967	3317
B,49	8.90	122.01	1430	16472	3337
B,50	8.99	124.71	551	8185	3372
B,51	9.14	129.14	537	3683	3429
B,52	9.18	130.16	5873	52842	3442
B,53	9.24	131.90	220	1592	3464
B,54	9.31	134.04	3058	32201	3491
B,55	9.34	135.07	3675	37221	3504
B,56	9.42	137.47	1591	14618	3534
B,57	9.54	140.99	2258	22582	3576
B,58	9.61	143.24	1367	13956	3602
B,59	9.69	146.01	89	581	3634
B,60	9.77	148.61	7759	84284	3664
B,61	9.96	154.66	307	2173	3736
B,62	10.00	155.74	272	2682	3749
B,63	10.09	158.45	1261	10720	3782
B,64	10.14	160.00	283	2168	3801
B,65	10.17	161.04	61	339	3814
B,66	10.21	162.17	1780	14965	3828
B,67	10.33	165.94	1674	17961	3875
B,68	10.45	169.55	7045	89993	3920
B,69	10.50	170.99	798	6835	3938
B,70	10.62	174.59	787	8634	3983
B,71	10.69	176.51	1716	17884	4007
B,72	10.82	180.42	1226	16602	4056
B,73	10.87	182.10	119	818	4077
B,74	10.97	185.13	60	292	4115
B,75	11.01	186.32	1155	9454	4130
B,76	11.08	188.24	1096	13001	4154
B,77	11.16	190.62	185	1430	4184
B,78	11.24	193.17	145	1269	4216
B,79	11.41	198.02	573	7261	4277
B,80	11.52	201.45	532	4319	4320
B,81	11.55	202.49	1741	18487	4333
B,82	11.67	205.96	2341	25289	4376
B,83	11.70	206.76	1643	14658	4386
B,84	11.89	212.68	4263	42651	4459
B,85	11.95	214.63	71	504	4483
B,86	11.99	215.77	61	292	4497
B,87	12.05	217.56	76	731	4519
B,88	12.08	218.38	82	954	4529
B,89	12.15	220.51	87	992	4555
B,90	12.28	224.60	555	4964	4605
B,91	12.34	226.41	226	2034	4627
B,92	12.40	228.39	230	1774	4651
B,93	12.49	231.11	131	1274	4684
B,94	12.64	235.67	976	8628	4739
B,95	12.70	237.74	1658	20151	4764
B,96	12.77	239.66	1171	11871	4787
B,97	12.79	240.49	474	2555	4797
B,98	12.87	242.99	535	4115	4827
B,99	12.90	243.83	1025	11287	4837
B,100	12.95	245.34	1003	8989	4855
B,101	13.00	247.09	192	1382	4876
B,102	13.10	250.12	2026	20362	4912
B,103	13.21	253.74	2268	28108	4955
B,104	13.28	255.94	61	376	4981
B,105	13.34	257.88	87	747	5004
B,106	13.50	262.89	2397	20739	5063
B,107	13.57	264.93	888	10920	5087
B,108	13.69	268.86	2016	26189	5133
B,109	13.86	274.35	1182	12230	5197
B,110	14.00	278.91	140	1275	5250
B,111	14.06	280.81	576	5990	5272
B,112	14.25	286.88	289	2423	5342
B,113	14.33	289.67	852	8285	5374
B,114	14.48	294.47	188	1603	5429
B,115	14.54	296.66	242	1929	5454
B,116	14.58	297.80	278	2891	5467
B,117	14.62	299.21	2154	21256	5483
B,118	14.84	306.72	106	1241	5564
B,119	14.94	310.23	124	1775	5602
B,120	15.29	322.27	365	3463	5734
B,121	15.39	325.60	1895	20140	5771
B,122	15.43	327.04	305	2829	5787
B,123	15.55	330.97	975	12918	5831
B,124	15.60	332.66	748	6512	5850
B,125	15.64	334.00	194	1125	5865
B,126	15.75	337.71	479	4063	5907
B,127	15.78	338.68	746	7195	5918
B,128	15.82	339.82	1472	16379	5931
B,129	16.02	346.11	153	1790	6008
B,130	16.19	351.26	938	17181	6071
B,131	16.30	354.88	289	2810	6114
B,132	16.57	363.41	841	10426	6214
B,133	16.83	371.91	1966	22014	6312
B,134	16.91	374.62	121	1017	6343
B,135	17.01	377.79	135	1254	6379
B,136	17.05	379.21	781	8079	6395
B,137	17.15	382.32	158	1424	6430
B,138	17.35	389.32	754	10088	6508
B,139	17.70	401.01	122	1277	6636
B,140	17.74	402.67	321	3829	6654
B,141	17.95	409.86	266	4193	6732
B,142	18.33	423.14	69	727	6875
B,143	18.56	431.01	603	7315	6959
B,144	19.03	447.72	1622	19835	7136
B,145	19.36	459.08	66	936	7260
B,146	19.63	468.65	864	10589	7363
B,147	20.41	497.40	146	2184	7654
G,1	5.98	44.68	112	2217	2244
G,2	6.19	50.26	63	765	2322
G,3	6.63	60.84	57	605	2486
G,4	6.66	61.68	54	508	2499
G,5	6.78	64.43	64	924	2542
G,6	7.02	70.20	178	1875	2632
G,7	7.10	72.25	66	659	2664
G,8	7.14	73.08	111	1602	2677
G,9	7.42	80.59	104	1280	2784
G,10	7.74	89.35	223	2693	2902
G,11	7.81	91.24	63	722	2927
G,12	8.11	100.07	71	733	3042
G,13	8.36	106.77	127	1236	3134
G,14	8.39	107.72	142	1492	3147
G,15	8.45	109.35	52	546	3169
G,16	8.56	112.32	58	623	3209
G,17	8.69	115.92	114	1096	3257
G,18	8.71	116.75	87	1060	3268
G,19	8.78	118.73	50	507	3294
G,20	8.90	122.16	71	896	3339
G,21	9.18	130.32	239	2506	3444
G,22	9.32	134.27	132	1384	3494
G,23	9.35	135.31	155	1754	3507
G,24	9.43	137.63	63	690	3536
G,25	9.54	141.16	106	1124	3578
G,26	9.61	143.50	69	686	3605
G,27	9.77	148.61	609	4526	3664
G,28	10.09	158.69	55	547	3785
G,29	10.21	162.33	81	814	3830
G,30	10.34	166.10	74	963	3877
G,31	10.46	169.71	315	4088	3922
G,32	10.69	176.59	77	882	4008
G,33	10.82	180.42	62	771	4056
G,34	11.02	186.48	50	438	4132
G,35	11.56	202.57	77	1021	4334
G,36	11.67	206.12	100	1001	4378
G,37	11.70	207.01	86	825	4389
G,38	11.90	212.92	184	1983	4462
G,39	12.65	235.92	55	424	4742
G,40	12.72	238.16	81	938	4769
G,41	12.77	239.91	53	674	4790
G,42	13.10	250.20	81	926	4913
G,43	13.22	253.91	95	1307	4957
G,44	13.51	263.06	98	865	5065
G,45	13.70	269.29	90	1241	5138
G,46	13.87	274.78	51	629	5202
G,47	14.62	299.30	89	1181	5484
G,48	15.40	326.05	78	885	5776
G,49	15.83	340.16	72	935	5935
G,50	16.84	372.26	86	1016	6316
G,51	19.04	448.00	59	788	7139
Y,1	7.05	71.03	74	1185	2645
Y,2	9.22	131.34	87	1358	3457
Y,3	9.26	132.61	84	1606	3473
Y,4	10.25	163.45	53	1688	3844
Y,5	11.59	203.70	51	661	4348
Y,6	11.62	204.59	53	920	4359
Y,7	13.14	251.38	63	1775	4927
R,1	5.64	35.00	542	5265	2116
R,2	6.18	50.00	658	5763	2318
R,3	7.02	70.26	58	546	2633
R,4	7.22	75.00	741	6252	2707
R,5	7.74	89.35	56	628	2902
R,6	8.11	100.00	861	7005	3041
R,7	9.18	130.16	71	677	3442
R,8	9.47	139.00	949	7638	3553
R,9	9.78	148.79	106	1012	3666
R,10	9.81	150.00	983	8081	3680
R,11	10.14	160.00	998	8171	3801
R,12	10.46	169.71	88	1097	3922
R,13	11.47	200.00	1070	8982	4302
R,14	11.90	212.84	54	541	4461
R,15	12.99	246.84	1107	9784	4873
R,16	14.65	300.00	1172	11143	5492
R,17	15.82	340.00	1210	11862	5933
R,18	16.15	350.00	1217	12130	6056
R,19	17.67	400.00	1245	12936	6625
R,20	19.09	450.00	1254	13539	7160
R,21	20.22	490.00	1275	14508	7584
R,22	20.47	500.00	1284	14681	7678