B,1	6.65	64.63	58	655	2495
B,2	6.85	69.33	722	7142	2568
B,3	6.88	70.10	860	8271	2580
B,4	6.97	72.16	309	3379	2612
B,5	7.07	74.81	294	3036	2653
B,6	7.11	75.65	161	1436	2665
B,7	7.21	78.50	286	2400	2704
B,8	7.28	80.34	879	16994	2729
B,9	7.34	82.04	76	885	2752
B,10	7.45	85.02	960	11848	2792
B,11	7.52	87.20	135	1142	2821
B,12	7.59	89.17	1449	15335	2847
B,13	7.65	90.77	379	4618	2868
B,14	7.71	92.53	76	661	2891
B,15	7.74	93.45	85	1013	2903
B,16	7.89	97.65	172	1344	2957
B,17	7.91	98.51	346	3479	2968
B,18	7.95	99.61	529	4818	2982
B,19	8.10	103.74	162	1681	3038
B,20	8.20	106.48	610	10620	3075
B,21	8.24	107.52	1507	14700	3089
B,22	8.31	109.69	155	1149	3118
B,23	8.34	110.44	243	2357	3128
B,24	8.40	112.10	302	2655	3150
B,25	8.52	115.59	179	1054	3196
B,26	8.55	116.51	499	4221	3208
B,27	8.59	117.51	344	3058	3221
B,28	8.66	119.59	5723	60911	3248
B,29	8.74	121.91	331	2753	3278
B,30	8.77	122.77	128	788	3289
B,31	8.83	124.65	576	5320	3313
B,32	9.02	130.11	1347	13598	3382
B,33	9.15	133.96	660	6660	3430
B,34	9.18	134.93	1103	11270	3442
B,35	9.27	137.85	231	1725	3478
B,36	9.34	140.05	2386	26958	3504
B,37	9.44	143.31	187	1734	3541
B,38	9.54	146.56	292	2858	3578
B,39	9.60	148.50	2630	27698	3600
B,40	9.76	153.56	82	612	3659
B,41	9.79	154.66	322	3233	3672
B,42	9.91	158.42	465	4861	3717
B,43	10.03	162.04	920	9273	3761
B,44	10.08	163.51	65	637	3779
B,45	10.15	165.79	329	3086	3807
B,46	10.26	169.21	970	9548	3849
B,47	10.38	172.71	1040	9621	3892
B,48	10.43	174.42	157	1337	3913
B,49	10.49	176.20	271	2411	3935
B,50	10.55	177.91	458	4528	3956
B,51	10.63	180.34	175	2087	3986
B,52	10.82	186.26	404	3660	4059
B,53	10.89	188.28	230	3240	4084
B,54	11.18	197.01	597	7250	4192
B,55	11.24	198.95	116	1178	4216
B,56	11.32	201.23	240	2288	4244
B,57	11.36	202.46	343	3811	4259
B,58	11.43	204.67	157	1314	4286
B,59	11.50	206.72	114	973	4311
B,60	11.69	212.67	1235	14073	4383
B,61	12.06	224.24	167	1708	4522
B,62	12.26	230.46	215	2251	4596
B,63	12.35	233.32	115	818	4630
B,64	12.41	235.44	729	9653	4655
B,65	12.48	237.64	456	4482	4681
B,66	12.54	239.60	712	7647	4704
B,67	12.62	242.06	249	2457	4733
B,68	12.67	243.68	265	2157	4752
B,69	12.87	249.93	652	6874	4825
B,70	12.98	253.55	676	7507	4867
B,71	13.26	262.81	394	4271	4974
B,72	13.33	264.90	160	2017	4998
B,73	13.45	268.74	544	6508	5042
B,74	13.61	274.27	243	2759	5105
B,75	13.84	281.68	269	4007	5189
B,76	14.08	289.68	143	2463	5279
B,77	14.19	293.44	97	1268	5321
B,78	14.30	297.03	166	1563	5361
B,79	14.36	299.10	220	2457	5384
B,80	14.49	303.72	94	907	5433
B,81	14.81	315.22	203	2538	5555
B,82	15.10	325.35	680	7691	5664
B,83	15.14	326.74	80	742	5679
B,84	15.49	338.55	220	2854	5808
B,85	15.52	339.64	325	3730	5820
B,86	16.10	358.39	91	1038	6038
B,87	16.19	361.48	85	1175	6073
B,88	16.25	363.34	178	2128	6094
B,89	16.51	372.02	219	2491	6191
B,90	16.56	373.65	237	2718	6209
B,91	16.72	379.28	156	1982	6271
B,92	17.59	409.77	104	1501	6597
B,93	17.83	418.18	167	2585	6685
B,94	18.81	453.75	776	9751	7053
B,95	19.22	468.61	270	3471	7208
G,1	7.59	89.24	59	593	2848
G,2	8.24	107.59	58	669	3090
G,3	8.66	119.66	201	2163	3249
G,4	9.35	140.14	76	818	3505
G,5	9.61	148.68	96	841	3602
R,1	5.51	35.00	337	3247	2068
R,2	6.05	50.00	402	3576	2269
R,3	7.08	75.00	459	4128	2656
R,4	7.97	100.00	499	4433	2987
R,5	8.66	119.66	68	734	3249
R,6	9.31	139.00	556	5064	3492
R,7	9.65	150.00	582	5241	3617
R,8	9.96	160.00	591	5266	3736
R,9	11.28	200.00	633	5774	4229
R,10	12.77	246.93	654	6308	4790
R,11	14.38	300.00	714	7102	5394
R,12	15.53	340.00	738	7479	5824
R,13	15.85	350.00	745	7642	5942
R,14	17.32	400.00	775	8334	6494
R,15	18.70	450.00	784	8833	7013
R,16	19.79	490.00	791	9256	7422
R,17	20.04	500.00	797	9299	7514