B,1	6.53	62.01	119	1370	2448
B,2	6.63	64.59	212	2525	2488
B,3	6.68	65.63	54	563	2504
B,4	6.83	69.37	983	10732	2562
B,5	6.86	70.15	1016	10482	2574
B,6	6.95	72.22	371	5070	2606
B,7	7.06	74.81	566	7231	2646
B,8	7.14	76.96	55	421	2676
B,9	7.26	80.34	945	22256	2722
B,10	7.34	82.71	165	1845	2754
B,11	7.42	84.87	1072	13925	2783
B,12	7.51	87.28	118	905	2815
B,13	7.57	89.17	1756	18941	2840
B,14	7.63	90.77	266	3234	2861
B,15	7.69	92.53	111	901	2884
B,16	7.71	93.15	114	1318	2892
B,17	7.87	97.65	444	4001	2950
B,18	7.90	98.59	293	2823	2962
B,19	7.94	99.69	663	6110	2976
B,20	7.99	101.10	95	652	2995
B,21	8.09	103.82	382	4612	3032
B,22	8.16	105.83	639	5358	3059
B,23	8.18	106.57	808	9169	3069
B,24	8.22	107.61	1870	18358	3083
B,25	8.30	109.86	270	2805	3113
B,26	8.32	110.46	215	1642	3121
B,27	8.38	112.20	258	2183	3144
B,28	8.54	116.54	555	4726	3201
B,29	8.57	117.61	466	4099	3215
B,30	8.65	119.70	6099	62990	3242
B,31	8.73	122.10	410	3552	3273
B,32	8.75	122.88	172	995	3283
B,33	8.82	124.76	932	8618	3307
B,34	8.93	128.07	50	353	3349
B,35	9.00	130.21	1547	15604	3376
B,36	9.13	134.05	1111	11550	3424
B,37	9.16	135.02	1327	13243	3436
B,38	9.26	137.94	129	1011	3472
B,39	9.33	140.05	664	7129	3497
B,40	9.36	141.09	552	5360	3509
B,41	9.42	143.27	100	685	3534
B,42	9.53	146.59	247	2438	3572
B,43	9.58	148.51	3231	34380	3594
B,44	9.74	153.56	73	465	3653
B,45	9.78	154.74	323	3481	3667
B,46	9.89	158.34	972	9880	3710
B,47	10.01	162.04	1077	10386	3755
B,48	10.10	164.73	51	406	3788
B,49	10.14	165.79	186	1633	3801
B,50	10.21	167.91	94	594	3827
B,51	10.25	169.13	1115	10859	3842
B,52	10.31	171.00	50	429	3865
B,53	10.36	172.63	618	5896	3885
B,54	10.42	174.34	109	945	3906
B,55	10.47	176.12	342	3394	3928
B,56	10.53	177.83	1210	12126	3949
B,57	10.61	180.34	129	1156	3980
B,58	10.72	183.67	87	945	4021
B,59	10.81	186.18	350	3106	4052
B,60	10.87	188.28	215	2850	4078
B,61	11.16	197.01	858	10723	4186
B,62	11.23	198.95	144	1393	4210
B,63	11.30	201.23	442	4242	4238
B,64	11.34	202.45	380	4133	4253
B,65	11.41	204.67	178	1507	4280
B,66	11.48	206.64	102	882	4304
B,67	11.67	212.58	2028	22763	4376
B,68	12.04	224.23	114	1228	4516
B,69	12.24	230.36	163	1691	4589
B,70	12.40	235.43	1092	17823	4649
B,71	12.47	237.63	706	6914	4675
B,72	12.53	239.58	819	8072	4698
B,73	12.61	242.22	453	4683	4729
B,74	12.66	243.67	407	3821	4746
B,75	12.85	250.00	499	5177	4820
B,76	12.97	253.61	655	7256	4862
B,77	13.25	262.86	807	8713	4969
B,78	13.29	263.99	103	288	4982
B,79	13.31	264.86	171	1835	4992
B,80	13.43	268.79	592	8309	5037
B,81	13.60	274.22	159	1903	5099
B,82	13.82	281.71	385	5403	5184
B,83	14.06	289.61	250	3659	5273
B,84	14.17	293.36	149	1807	5315
B,85	14.28	297.03	222	2146	5356
B,86	14.35	299.19	66	826	5380
B,87	14.48	303.80	277	2788	5429
B,88	14.55	306.26	65	717	5455
B,89	14.80	315.27	204	2394	5551
B,90	15.09	325.38	738	8078	5660
B,91	15.14	327.04	128	1736	5678
B,92	15.51	339.64	521	8539	5816
B,93	15.71	345.94	77	925	5890
B,94	16.09	358.20	56	666	6032
B,95	16.19	361.81	76	900	6073
B,96	16.25	363.49	271	3365	6092
B,97	16.50	371.98	286	3244	6187
B,98	16.55	373.78	282	3155	6207
B,99	16.71	379.22	255	2970	6267
B,100	16.80	382.24	51	509	6300
B,101	17.58	409.79	214	3581	6594
B,102	17.82	418.12	134	2373	6681
B,103	18.17	431.05	104	1347	6815
B,104	18.80	453.75	734	8987	7049
B,105	19.21	468.66	256	3340	7205
B,106	19.96	497.13	60	1031	7485
G,1	7.58	89.40	63	618	2843
G,2	8.23	107.76	76	661	3085
G,3	8.65	119.85	203	2114	3244
G,4	9.01	130.37	60	582	3378
G,5	9.17	135.18	55	514	3438
G,6	9.59	148.77	98	1204	3597
G,7	11.67	212.67	68	803	4377
R,1	5.50	35.00	308	2956	2061
R,2	6.03	50.00	359	3267	2263
R,3	7.06	75.00	420	3861	2649
R,4	7.95	100.00	461	4054	2980
R,5	8.65	119.77	71	725	3243
R,6	9.29	139.00	503	4535	3485
R,7	9.63	150.00	526	4711	3611
R,8	9.95	160.00	538	4709	3730
R,9	11.26	200.00	567	5208	4223
R,10	12.76	247.00	588	5717	4785
R,11	14.37	300.00	647	6531	5389
R,12	15.52	340.00	664	6930	5820
R,13	15.83	350.00	678	7059	5938
R,14	17.31	400.00	716	7651	6491
R,15	18.69	450.00	720	8052	7009
R,16	19.78	490.00	726	8439	7419
R,17	20.03	500.00	734	8552	7511