B,1	6.69	64.95	222	3054	2509
B,2	6.87	69.39	638	4475	2578
B,3	6.90	70.10	1075	12046	2589
B,4	6.99	72.10	818	9894	2620
B,5	7.13	75.65	271	3498	2674
B,6	7.18	76.96	99	901	2692
B,7	7.30	80.32	1218	15600	2738
B,8	7.35	81.80	175	1888	2758
B,9	7.43	83.87	60	466	2786
B,10	7.46	84.77	99	1112	2798
B,11	7.55	87.39	137	1140	2833
B,12	7.62	89.20	1285	13449	2857
B,13	7.69	91.10	252	2442	2882
B,14	7.73	92.25	173	1199	2897
B,15	7.77	93.63	87	598	2915
B,16	7.87	96.33	405	3005	2950
B,17	7.91	97.73	559	4918	2968
B,18	7.94	98.59	423	3717	2979
B,19	7.98	99.61	798	7278	2992
B,20	8.03	101.10	51	283	3012
B,21	8.11	103.15	293	3539	3040
B,22	8.14	104.03	123	950	3052
B,23	8.23	106.55	1508	13879	3086
B,24	8.27	107.59	1782	17162	3100
B,25	8.34	109.53	345	4431	3126
B,26	8.38	110.74	108	617	3142
B,27	8.43	112.24	298	2422	3162
B,28	8.55	115.66	959	8973	3207
B,29	8.58	116.50	667	5807	3218
B,30	8.61	117.26	531	4531	3228
B,31	8.64	118.26	1047	9394	3241
B,32	8.70	120.03	344	3358	3264
B,33	8.77	121.97	147	1713	3289
B,34	8.86	124.70	367	3260	3324
B,35	8.98	128.08	480	4115	3367
B,36	9.05	130.14	1124	10535	3393
B,37	9.18	133.98	1093	12263	3441
B,38	9.21	134.94	1294	12534	3453
B,39	9.27	136.80	77	526	3476
B,40	9.30	137.86	339	3045	3489
B,41	9.41	141.09	930	10862	3527
B,42	9.47	143.18	427	4160	3551
B,43	9.63	148.51	3296	36214	3612
B,44	9.68	150.17	812	8134	3631
B,45	9.82	154.57	443	4652	3683
B,46	9.94	158.42	252	2946	3729
B,47	10.06	162.04	707	7107	3773
B,48	10.18	165.79	414	3879	3819
B,49	10.27	168.48	304	4698	3852
B,50	10.35	171.00	68	514	3883
B,51	10.41	172.71	863	9336	3904
B,52	10.53	176.21	343	3433	3947
B,53	10.58	177.83	610	6110	3967
B,54	10.67	180.51	190	2739	4000
B,55	10.80	184.64	429	4671	4051
B,56	10.86	186.26	469	4301	4071
B,57	10.92	188.20	334	3663	4095
B,58	11.25	198.06	168	1954	4217
B,59	11.27	198.95	165	1809	4228
B,60	11.53	206.72	849	13041	4323
B,61	11.57	208.03	194	1899	4339
B,62	11.73	212.82	842	10447	4397
B,63	11.75	213.65	593	5574	4407
B,64	12.10	224.63	146	1430	4539
B,65	12.17	226.72	56	565	4564
B,66	12.32	231.51	56	613	4621
B,67	12.45	235.48	466	4253	4668
B,68	12.48	236.49	258	1827	4680
B,69	12.52	237.76	543	4897	4695
B,70	12.58	239.63	838	7499	4717
B,71	12.66	242.18	158	1730	4747
B,72	12.71	243.71	323	2428	4765
B,73	12.91	250.12	387	3978	4840
B,74	13.02	253.65	1034	11101	4881
B,75	13.05	254.68	121	883	4893
B,76	13.30	262.89	472	5122	4988
B,77	13.36	264.89	318	3977	5011
B,78	13.48	268.73	789	10265	5055
B,79	13.65	274.41	1124	12565	5120
B,80	13.87	281.72	279	4450	5203
B,81	14.11	289.62	110	838	5292
B,82	14.17	291.40	242	2796	5312
B,83	14.19	292.12	185	1556	5320
B,84	14.22	293.37	178	1650	5334
B,85	14.39	299.10	616	7184	5398
B,86	15.09	323.35	67	668	5657
B,87	15.14	325.38	533	5876	5679
B,88	15.50	337.73	235	3300	5814
B,89	15.52	338.37	257	2667	5821
B,90	15.76	346.03	71	773	5910
B,91	16.14	358.45	93	1060	6054
B,92	16.24	361.62	186	2461	6090
B,93	16.30	363.47	255	3051	6111
B,94	16.55	372.04	634	7550	6207
B,95	16.77	379.27	162	1829	6287
B,96	16.85	382.28	110	1119	6320
B,97	17.64	409.86	152	2048	6615
B,98	17.85	417.22	59	824	6692
B,99	17.95	420.86	53	686	6730
B,100	19.27	468.76	378	4955	7227
G,1	7.62	89.20	50	535	2857
G,2	8.23	106.70	52	441	3088
G,3	8.27	107.67	55	603	3101
G,4	9.63	148.60	110	1072	3613
R,1	5.54	35.00	409	3922	2076
R,2	6.07	50.00	484	4272	2278
R,3	7.11	75.00	556	4915	2665
R,4	7.99	100.00	608	5351	2997
R,5	9.34	139.00	672	5922	3503
R,6	9.68	150.00	708	6271	3629
R,7	9.99	160.00	714	6345	3748
R,8	11.31	200.00	770	7122	4241
R,9	12.81	246.96	791	7524	4803
R,10	14.42	300.00	849	8498	5408
R,11	15.57	340.00	867	9040	5839
R,12	15.89	350.00	897	9226	5957
R,13	17.36	400.00	937	9898	6511
R,14	18.75	450.00	957	10550	7030
R,15	19.84	490.00	963	11106	7440
R,16	20.09	500.00	971	11285	7532