B,1	5.78	41.17	57	546	2166
B,2	5.81	42.06	60	735	2178
B,3	6.14	50.91	59	640	2302
B,4	6.59	61.92	139	1334	2473
B,5	6.69	64.23	330	3056	2509
B,6	6.72	64.87	424	5133	2519
B,7	6.90	69.29	1582	18619	2588
B,8	6.93	70.06	1622	15941	2600
B,9	7.02	72.11	717	8994	2632
B,10	7.05	72.82	388	2499	2643
B,11	7.13	74.81	771	7496	2674
B,12	7.16	75.65	260	1847	2686
B,13	7.26	78.40	343	2795	2724
B,14	7.34	80.37	1064	11090	2751
B,15	7.39	81.76	326	2948	2770
B,16	7.42	82.65	204	1404	2782
B,17	7.50	84.94	139	1066	2813
B,18	7.58	87.25	729	6757	2844
B,19	7.65	89.20	2279	26981	2870
B,20	7.71	90.86	195	1904	2892
B,21	7.76	92.30	124	887	2911
B,22	7.81	93.67	237	3256	2929
B,23	7.95	97.75	497	3835	2982
B,24	7.98	98.44	573	5752	2991
B,25	8.02	99.69	1187	10618	3007
B,26	8.07	101.16	100	585	3027
B,27	8.12	102.39	157	1169	3044
B,28	8.14	103.04	191	1510	3053
B,29	8.27	106.55	1319	14124	3101
B,30	8.31	107.58	4218	37500	3115
B,31	8.38	109.72	723	6270	3144
B,32	8.47	112.17	715	6213	3177
B,33	8.60	115.70	1179	9412	3224
B,34	8.63	116.53	1015	8317	3235
B,35	8.65	117.28	533	4425	3245
B,36	8.69	118.27	840	6795	3258
B,37	8.74	119.64	1545	13059	3276
B,38	8.82	121.93	884	7582	3306
B,39	8.91	124.63	637	5887	3341
B,40	9.02	127.89	70	428	3383
B,41	9.06	129.14	86	383	3399
B,42	9.10	130.09	2643	26803	3411
B,43	9.23	133.96	996	10744	3460
B,44	9.26	134.91	1288	11533	3472
B,45	9.35	137.63	1352	16852	3506
B,46	9.42	139.87	392	4323	3533
B,47	9.46	141.08	435	4358	3547
B,48	9.49	142.12	394	3317	3559
B,49	9.69	148.53	7225	76122	3633
B,50	9.82	152.67	143	1235	3682
B,51	9.88	154.58	786	7449	3705
B,52	10.00	158.37	801	8033	3751
B,53	10.13	162.09	1154	9384	3797
B,54	10.17	163.30	55	327	3812
B,55	10.21	164.58	237	1942	3828
B,56	10.25	165.79	321	2547	3843
B,57	10.33	168.36	218	2453	3875
B,58	10.36	169.16	222	2612	3885
B,59	10.42	170.93	104	699	3907
B,60	10.47	172.61	67	375	3928
B,61	10.54	174.53	335	2597	3952
B,62	10.60	176.37	494	5251	3975
B,63	10.65	177.90	1685	14744	3994
B,64	10.75	180.94	60	684	4032
B,65	10.87	184.53	296	2687	4077
B,66	10.93	186.21	114	928	4098
B,67	10.99	188.21	297	3212	4123
B,68	11.08	190.68	50	485	4154
B,69	11.32	197.85	388	4891	4244
B,70	11.36	199.05	325	3073	4259
B,71	11.43	201.21	587	5887	4286
B,72	11.58	205.89	781	6665	4344
B,73	11.61	206.78	1036	10804	4355
B,74	11.81	212.70	2243	23371	4428
B,75	11.84	213.59	910	7141	4439
B,76	12.02	219.23	93	781	4508
B,77	12.19	224.40	134	1252	4571
B,78	12.38	230.42	653	6387	4644
B,79	12.48	233.32	197	1353	4679
B,80	12.55	235.48	1182	13301	4705
B,81	12.62	237.81	593	7351	4733
B,82	12.68	239.64	780	7033	4755
B,83	12.71	240.47	372	2711	4765
B,84	12.76	242.23	492	3862	4786
B,85	12.81	243.73	259	1923	4804
B,86	13.01	250.03	770	7332	4879
B,87	13.13	253.66	934	9673	4922
B,88	13.16	254.76	124	926	4935
B,89	13.41	262.82	773	7742	5030
B,90	13.45	264.02	260	2250	5044
B,91	13.47	264.79	281	2601	5053
B,92	13.60	268.81	853	11479	5100
B,93	13.77	274.22	944	9927	5163
B,94	13.88	277.93	259	2368	5206
B,95	13.92	279.05	67	482	5219
B,96	14.00	281.65	492	6436	5249
B,97	14.16	286.95	145	1306	5310
B,98	14.24	289.56	225	2148	5340
B,99	14.27	290.61	272	3007	5352
B,100	14.35	293.32	348	3583	5383
B,101	14.53	299.12	374	4337	5449
B,102	15.00	315.26	57	655	5624
B,103	15.24	323.44	93	923	5714
B,104	15.30	325.43	997	10495	5736
B,105	15.44	330.38	103	1084	5791
B,106	15.67	337.87	485	7498	5875
B,107	15.75	340.58	246	2147	5906
B,108	15.92	345.96	75	914	5971
B,109	16.09	351.27	138	1910	6035
B,110	16.41	361.53	190	2697	6155
B,111	16.47	363.34	382	4308	6176
B,112	16.67	369.86	419	4498	6251
B,113	16.79	373.73	361	3854	6295
B,114	16.95	379.21	168	2318	6357
B,115	17.05	382.33	61	591	6392
B,116	17.75	406.37	92	916	6656
B,117	17.85	409.88	290	3405	6694
B,118	18.07	417.41	91	1328	6775
B,119	18.45	430.89	177	2267	6919
B,120	19.02	451.08	292	3507	7133
B,121	19.10	453.88	104	1001	7164
B,122	19.44	465.37	231	2776	7289
B,123	19.53	468.74	577	6968	7325
B,124	20.30	497.19	50	735	7613
G,1	6.90	69.36	82	900	2589
G,2	6.93	70.06	82	890	2600
G,3	7.34	80.37	64	721	2751
G,4	7.66	89.28	117	1376	2871
G,5	8.02	99.69	63	622	3007
G,6	8.27	106.55	68	679	3101
G,7	8.31	107.65	211	1743	3116
G,8	8.39	109.87	57	458	3146
G,9	8.60	115.85	70	469	3226
G,10	8.63	116.68	59	507	3237
G,11	8.69	118.35	61	419	3259
G,12	8.74	119.87	73	704	3279
G,13	8.82	122.09	59	522	3308
G,14	9.10	130.24	133	1211	3413
G,15	9.26	135.07	59	518	3474
G,16	9.35	137.71	73	755	3507
G,17	9.69	148.61	310	3313	3634
G,18	9.88	154.66	50	475	3706
G,19	10.13	162.09	63	546	3797
G,20	10.65	177.98	82	750	3995
G,21	11.62	207.02	52	634	4358
G,22	11.81	212.86	103	838	4430
G,23	12.55	235.64	60	683	4707
G,24	13.13	253.75	51	571	4923
G,25	13.77	274.30	53	520	5164
R,1	5.56	35.00	537	5199	2085
R,2	6.10	50.00	642	5688	2288
R,3	7.14	75.00	765	6634	2677
R,4	8.03	100.00	849	6890	3011
R,5	8.31	107.65	50	401	3116
R,6	9.39	139.00	974	7780	3523
R,7	9.69	148.61	88	727	3634
R,8	9.73	150.00	1006	8094	3650
R,9	10.06	160.00	1019	8109	3771
R,10	11.39	200.00	1106	9085	4271
R,11	12.91	246.92	1134	10039	4842
R,12	14.56	300.00	1245	11265	5459
R,13	15.73	340.00	1250	11883	5899
R,14	16.05	350.00	1292	12191	6020
R,15	17.57	400.00	1337	13131	6587
R,16	18.99	450.00	1329	14012	7121
R,17	20.12	490.00	1355	14700	7545
R,18	20.37	500.00	1360	14984	7639