B,1	6.59	61.10	149	1139	2470
B,2	6.62	61.93	74	603	2483
B,3	6.75	64.99	413	4655	2531
B,4	6.78	65.70	105	805	2542
B,5	6.93	69.33	982	7698	2599
B,6	6.96	70.09	1566	15022	2611
B,7	7.04	72.00	1396	15819	2641
B,8	7.19	75.65	349	4496	2697
B,9	7.24	76.87	144	1412	2714
B,10	7.30	78.46	167	1089	2736
B,11	7.37	80.35	1942	22185	2762
B,12	7.42	81.88	376	3647	2783
B,13	7.49	83.87	121	919	2810
B,14	7.53	84.75	210	2232	2822
B,15	7.61	87.21	200	1761	2855
B,16	7.68	89.15	1908	19673	2881
B,17	7.75	91.11	516	5460	2907
B,18	7.79	92.24	131	820	2922
B,19	7.84	93.53	107	918	2939
B,20	7.94	96.37	383	2787	2976
B,21	7.98	97.67	813	6905	2993
B,22	8.01	98.60	742	6993	3005
B,23	8.05	99.61	1014	9077	3018
B,24	8.10	101.09	106	786	3038
B,25	8.15	102.32	84	604	3055
B,26	8.17	103.05	224	1865	3065
B,27	8.21	103.92	278	2100	3077
B,28	8.30	106.56	2026	17689	3113
B,29	8.34	107.59	3356	30152	3127
B,30	8.41	109.66	672	8629	3155
B,31	8.45	110.70	210	1243	3169
B,32	8.50	112.19	315	2324	3189
B,33	8.63	115.64	1522	13101	3235
B,34	8.66	116.55	1056	9252	3247
B,35	8.69	117.31	656	5520	3257
B,36	8.72	118.29	1403	11756	3270
B,37	8.78	120.04	774	7040	3293
B,38	8.85	121.95	278	3187	3318
B,39	8.94	124.65	719	5885	3353
B,40	8.99	126.12	57	341	3372
B,41	9.06	128.07	746	6061	3397
B,42	9.13	130.10	2189	19128	3423
B,43	9.26	134.05	1796	17889	3473
B,44	9.29	135.00	1602	14883	3485
B,45	9.35	136.83	92	588	3508
B,46	9.39	137.96	335	2722	3522
B,47	9.49	141.14	1779	20171	3560
B,48	9.56	143.29	857	8112	3585
B,49	9.72	148.54	5369	56011	3646
B,50	9.77	150.00	458	4233	3663
B,51	9.92	154.66	639	6083	3719
B,52	10.04	158.36	543	6246	3764
B,53	10.16	162.09	945	9030	3810
B,54	10.29	165.86	528	4771	3857
B,55	10.34	167.63	244	1783	3879
B,56	10.37	168.51	390	4142	3890
B,57	10.41	169.71	93	736	3905
B,58	10.45	170.91	118	1003	3920
B,59	10.51	172.67	1484	14114	3942
B,60	10.63	176.19	835	7984	3986
B,61	10.68	177.79	576	5493	4006
B,62	10.77	180.34	411	5679	4038
B,63	10.82	182.02	71	514	4059
B,64	10.91	184.65	523	5587	4092
B,65	10.97	186.24	930	8137	4112
B,66	11.03	188.24	462	4668	4137
B,67	11.36	198.02	229	2990	4260
B,68	11.39	198.89	164	1651	4271
B,69	11.50	202.33	69	691	4314
B,70	11.54	203.54	67	704	4329
B,71	11.62	205.96	949	8283	4359
B,72	11.65	206.68	1135	10943	4368
B,73	11.70	208.14	348	2930	4386
B,74	11.77	210.41	68	738	4414
B,75	11.85	212.76	1056	11370	4443
B,76	11.87	213.57	1064	11369	4453
B,77	12.23	224.60	170	1566	4588
B,78	12.42	230.37	58	777	4658
B,79	12.59	235.50	818	7229	4720
B,80	12.62	236.50	731	6199	4732
B,81	12.66	237.74	798	7175	4747
B,82	12.72	239.66	1181	10281	4770
B,83	12.80	242.24	204	2419	4801
B,84	12.85	243.75	495	3873	4819
B,85	13.05	250.12	1035	10138	4895
B,86	13.17	253.66	2379	23598	4937
B,87	13.20	254.84	206	1542	4951
B,88	13.46	262.89	851	8269	5046
B,89	13.52	264.93	497	5534	5070
B,90	13.64	268.77	936	12129	5115
B,91	13.81	274.35	1331	13637	5180
B,92	14.01	280.81	200	1655	5255
B,93	14.04	281.76	284	3169	5266
B,94	14.28	289.58	389	3149	5356
B,95	14.34	291.32	313	2885	5376
B,96	14.36	292.20	290	2689	5386
B,97	14.40	293.42	418	3550	5400
B,98	14.57	299.12	941	10308	5465
B,99	15.28	323.32	82	768	5729
B,100	15.34	325.49	965	10430	5753
B,101	15.59	333.80	51	352	5846
B,102	15.67	336.46	141	1256	5876
B,103	15.71	337.70	277	2273	5890
B,104	15.73	338.59	428	4844	5900
B,105	16.37	358.39	129	1571	6137
B,106	16.46	361.56	148	1909	6174
B,107	16.52	363.45	273	3077	6196
B,108	16.79	372.04	1187	13172	6295
B,109	16.97	377.93	78	832	6362
B,110	17.01	379.26	357	3787	6377
B,111	17.10	382.28	159	1565	6411
B,112	17.91	409.93	135	1967	6715
B,113	18.11	417.15	77	852	6793
B,114	19.59	468.78	786	9794	7347
G,1	6.97	70.22	83	830	2613
G,2	7.05	72.20	64	876	2644
G,3	7.37	80.35	90	1107	2762
G,4	7.69	89.23	82	902	2882
G,5	7.99	97.83	52	381	2995
G,6	8.30	106.63	93	750	3114
G,7	8.34	107.66	156	1375	3128
G,8	8.63	115.79	63	494	3237
G,9	8.66	116.70	53	449	3249
G,10	8.72	118.37	76	543	3271
G,11	9.13	130.26	115	1018	3425
G,12	9.26	134.05	87	720	3473
G,13	9.30	135.08	83	819	3486
G,14	9.50	141.32	88	925	3562
G,15	9.73	148.62	232	2324	3647
G,16	10.17	162.25	52	517	3812
G,17	10.51	172.75	74	743	3943
G,18	10.63	176.19	50	465	3986
G,19	11.65	206.76	61	592	4369
G,20	11.85	212.68	50	393	4442
G,21	11.88	213.82	57	619	4456
G,22	12.59	235.58	51	363	4721
G,23	12.72	239.74	58	660	4771
G,24	13.06	250.20	51	544	4896
G,25	13.17	253.74	110	1164	4938
G,26	13.82	274.52	64	690	5182
G,27	15.34	325.49	51	565	5753
G,28	16.79	372.04	57	659	6295
Y,1	9.17	131.20	52	539	3437
Y,2	9.18	131.75	60	501	3444
Y,3	9.20	132.31	55	1081	3451
R,1	5.58	35.00	554	5443	2094
R,2	6.13	50.00	673	5832	2297
R,3	7.17	75.00	797	6912	2688
R,4	8.06	100.00	897	7318	3023
R,5	9.43	139.00	1021	8260	3535
R,6	9.73	148.62	63	546	3647
R,7	9.77	150.00	1063	8485	3663
R,8	10.09	160.00	1073	8524	3784
R,9	11.43	200.00	1168	9656	4285
R,10	12.95	246.93	1191	10547	4857
R,11	14.60	300.00	1286	11759	5475
R,12	15.78	340.00	1337	12496	5916
R,13	16.10	350.00	1345	13015	6038
R,14	17.62	400.00	1395	13847	6607
R,15	19.05	450.00	1421	14738	7143
R,16	20.18	490.00	1416	15436	7567
R,17	20.43	500.00	1434	15738	7662