B,1	6.43	59.91	62	425	2413
B,2	6.52	61.98	89	573	2445
B,3	6.55	62.83	74	619	2458
B,4	6.62	64.51	542	7409	2484
B,5	6.68	65.81	140	1240	2504
B,6	6.82	69.37	2904	23492	2559
B,7	6.85	70.08	2859	28343	2570
B,8	6.96	72.67	918	16984	2610
B,9	7.08	75.65	263	2567	2655
B,10	7.12	76.75	807	7641	2670
B,11	7.18	78.43	760	6903	2693
B,12	7.25	80.34	2274	29008	2719
B,13	7.34	82.71	991	10354	2751
B,14	7.42	85.18	427	3718	2784
B,15	7.49	87.13	1291	11213	2810
B,16	7.57	89.18	1952	22678	2837
B,17	7.64	91.23	184	1426	2864
B,18	7.68	92.38	314	3602	2879
B,19	7.86	97.65	2452	26238	2947
B,20	7.93	99.61	834	8253	2972
B,21	7.98	101.17	163	871	2993
B,22	8.01	101.98	816	7196	3004
B,23	8.05	103.09	269	1929	3019
B,24	8.17	106.49	2410	18663	3065
B,25	8.21	107.54	6368	60787	3079
B,26	8.29	109.64	873	7744	3107
B,27	8.37	112.12	485	3890	3140
B,28	8.50	115.62	1919	17790	3186
B,29	8.53	116.46	1622	14461	3197
B,30	8.56	117.54	1344	14670	3211
B,31	8.65	120.16	619	6536	3245
B,32	8.72	122.02	1269	13397	3269
B,33	8.81	124.60	732	6234	3302
B,34	8.91	127.83	300	2128	3343
B,35	8.96	129.25	893	5586	3361
B,36	8.99	130.13	3308	31181	3372
B,37	9.12	133.97	1898	21214	3420
B,38	9.15	134.94	2101	18351	3432
B,39	9.23	137.37	1547	12277	3462
B,40	9.32	140.05	531	3326	3494
B,41	9.35	141.26	3472	37371	3508
B,42	9.41	143.18	671	4900	3530
B,43	9.50	146.06	476	3405	3563
B,44	9.58	148.51	6341	67008	3591
B,45	9.70	152.63	154	1201	3639
B,46	9.77	154.57	339	3164	3662
B,47	9.80	155.58	60	313	3674
B,48	9.88	158.25	1260	12501	3706
B,49	10.01	162.04	1537	13813	3752
B,50	10.09	164.65	344	2864	3784
B,51	10.13	165.79	415	3597	3798
B,52	10.19	167.83	349	2925	3823
B,53	10.22	168.56	214	2005	3832
B,54	10.30	171.01	254	1826	3862
B,55	10.36	172.88	2843	29130	3885
B,56	10.47	176.21	557	6317	3926
B,57	10.52	177.83	2233	19628	3946
B,58	10.66	182.13	137	1730	3999
B,59	10.72	183.84	319	3063	4020
B,60	10.76	185.05	86	684	4035
B,61	10.87	188.29	752	8882	4075
B,62	10.98	191.69	983	9848	4117
B,63	11.17	197.42	113	1027	4188
B,64	11.20	198.47	129	1364	4201
B,65	11.30	201.31	278	3394	4236
B,66	11.35	203.10	78	824	4258
B,67	11.45	205.97	796	7086	4293
B,68	11.48	206.87	924	13796	4304
B,69	11.60	210.57	78	414	4349
B,70	11.66	212.63	2702	25075	4374
B,71	11.76	215.69	317	2710	4411
B,72	11.83	217.76	95	682	4436
B,73	11.94	221.16	83	1070	4477
B,74	12.12	226.75	90	804	4544
B,75	12.24	230.52	583	5649	4589
B,76	12.33	233.46	380	2677	4624
B,77	12.40	235.56	1824	17777	4649
B,78	12.42	236.32	1081	8154	4658
B,79	12.46	237.67	1026	9335	4674
B,80	12.53	239.62	1384	11881	4697
B,81	12.61	242.33	1391	11978	4729
B,82	12.66	243.77	682	5553	4746
B,83	12.85	250.08	1396	13609	4820
B,84	12.97	253.67	1715	17940	4862
B,85	13.17	260.21	219	1911	4938
B,86	13.25	262.88	1042	10220	4969
B,87	13.28	263.83	326	2357	4980
B,88	13.31	264.87	259	2102	4992
B,89	13.43	268.87	1175	15994	5038
B,90	13.58	273.48	152	1405	5091
B,91	13.73	278.47	331	3658	5148
B,92	13.79	280.67	395	3693	5173
B,93	14.06	289.49	325	2714	5273
B,94	14.11	291.09	252	2124	5291
B,95	14.14	292.24	773	7270	5304
B,96	14.35	299.11	860	9115	5381
B,97	14.55	306.35	907	9354	5458
B,98	14.98	321.17	284	2705	5617
B,99	15.10	325.40	502	4531	5663
B,100	15.18	327.96	1069	10297	5691
B,101	15.49	338.56	410	4220	5808
B,102	15.55	340.50	143	1563	5830
B,103	15.89	351.11	132	1574	5957
B,104	16.11	358.28	155	1789	6040
B,105	16.20	361.25	105	1138	6074
B,106	16.26	363.35	362	4107	6098
B,107	16.52	371.93	588	6064	6195
B,108	16.57	373.63	720	8349	6214
B,109	16.69	377.66	117	1197	6259
B,110	16.74	379.20	565	5934	6276
B,111	16.83	382.28	66	618	6310
B,112	17.62	409.76	249	5454	6606
B,113	17.82	417.13	68	863	6684
B,114	18.67	447.48	104	1087	7001
B,115	18.77	451.01	487	5709	7038
B,116	19.17	465.23	203	2261	7190
B,117	19.27	468.57	714	8323	7225
B,118	20.03	497.46	92	1414	7511
G,1	6.83	69.43	86	684	2560
G,2	6.85	70.08	88	911	2570
G,3	7.25	80.42	70	876	2720
G,4	7.50	87.21	54	412	2811
G,5	7.57	89.40	60	721	2840
G,6	7.87	97.88	79	914	2950
G,7	8.18	106.57	71	463	3066
G,8	8.22	107.69	187	1788	3081
G,9	8.50	115.70	52	515	3187
G,10	8.53	116.54	61	506	3198
G,11	9.00	130.29	95	1054	3374
G,12	9.13	134.21	59	656	3423
G,13	9.16	135.10	71	762	3434
G,14	9.23	137.45	59	472	3463
G,15	9.36	141.44	99	1113	3510
G,16	9.58	148.69	187	2033	3593
G,17	10.36	172.88	77	874	3885
G,18	10.53	177.92	74	694	3947
G,19	11.67	212.88	76	750	4377
G,20	12.40	235.65	61	454	4650
G,21	12.61	242.41	57	412	4730
G,22	12.97	253.76	57	595	4863
Y,1	7.53	88.04	58	868	2822
Y,2	8.19	106.87	57	353	3070
Y,3	9.04	131.65	67	1080	3391
Y,4	9.07	132.53	68	1056	3402
Y,5	9.18	135.91	54	1031	3444
Y,6	9.27	138.43	61	933	3475
Y,7	9.93	159.67	54	775	3723
Y,8	12.89	251.19	50	534	4833
R,1	5.49	35.00	509	4802	2060
R,2	6.03	50.00	609	5276	2261
R,3	7.06	75.00	729	5963	2646
R,4	7.94	100.00	810	6382	2977
R,5	8.21	107.61	67	660	3080
R,6	9.29	139.00	925	7114	3482
R,7	9.58	148.60	82	729	3592
R,8	9.62	150.00	954	7567	3608
R,9	9.94	160.00	979	7556	3727
R,10	11.25	200.00	1069	8497	4220
R,11	12.75	246.92	1085	9320	4783
R,12	14.38	300.00	1192	10560	5391
R,13	15.53	340.00	1206	11142	5824
R,14	15.85	350.00	1211	11368	5944
R,15	17.34	400.00	1256	12369	6502
R,16	18.74	450.00	1269	13141	7027
R,17	19.85	490.00	1277	13823	7442
R,18	20.09	500.00	1281	13936	7534