B,1	6.58	61.91	178	1569	2468
B,2	6.69	64.49	421	4524	2508
B,3	6.74	65.78	132	1368	2528
B,4	6.89	69.32	1858	14488	2583
B,5	6.92	70.10	2914	28379	2595
B,6	7.01	72.16	1084	11146	2627
B,7	7.03	72.74	875	7289	2636
B,8	7.11	74.81	929	11873	2668
B,9	7.20	77.03	856	8117	2699
B,10	7.25	78.42	419	3299	2718
B,11	7.32	80.33	1457	17125	2744
B,12	7.40	82.62	579	5885	2775
B,13	7.49	85.22	547	5641	2810
B,14	7.57	87.25	515	4279	2837
B,15	7.63	89.21	2511	25745	2863
B,16	7.71	91.34	69	309	2891
B,17	7.74	92.25	665	6794	2903
B,18	7.79	93.63	361	3500	2921
B,19	7.96	98.67	612	6258	2986
B,20	8.00	99.69	741	6266	2999
B,21	8.05	101.16	112	916	3019
B,22	8.14	103.72	549	7246	3054
B,23	8.25	106.52	1959	21113	3092
B,24	8.29	107.63	3760	34387	3107
B,25	8.37	109.87	330	2779	3137
B,26	8.45	112.19	589	4901	3168
B,27	8.57	115.59	782	5648	3213
B,28	8.60	116.50	898	6450	3225
B,29	8.64	117.57	945	9063	3239
B,30	8.69	119.18	2658	27910	3260
B,31	8.79	121.95	829	7501	3296
B,32	8.89	124.98	805	10244	3335
B,33	8.99	127.96	73	449	3373
B,34	9.07	130.17	5111	51766	3401
B,35	9.20	133.99	815	7709	3449
B,36	9.23	134.96	1662	15127	3461
B,37	9.32	137.70	1124	13821	3495
B,38	9.39	140.04	861	7633	3523
B,39	9.43	141.18	1048	9920	3536
B,40	9.49	143.27	452	3164	3560
B,41	9.58	145.97	314	2336	3591
B,42	9.65	148.51	4713	49433	3620
B,43	9.81	153.48	53	287	3678
B,44	9.84	154.57	903	8001	3691
B,45	9.91	156.84	149	1390	3718
B,46	9.97	158.42	1551	13571	3737
B,47	10.01	159.67	134	1087	3752
B,48	10.09	162.11	1409	13189	3782
B,49	10.21	165.85	605	5069	3828
B,50	10.32	169.17	4062	41599	3869
B,51	10.43	172.74	1050	9517	3913
B,52	10.49	174.43	197	1696	3934
B,53	10.55	176.21	510	4534	3956
B,54	10.61	177.91	1859	17191	3977
B,55	10.69	180.41	278	2188	4008
B,56	10.74	182.10	73	549	4029
B,57	10.84	185.00	599	5484	4065
B,58	10.89	186.53	50	317	4084
B,59	10.95	188.22	574	5998	4105
B,60	11.26	197.76	722	7229	4224
B,61	11.30	198.96	278	2898	4239
B,62	11.38	201.30	159	1352	4268
B,63	11.42	202.44	1392	13554	4282
B,64	11.53	205.95	512	4790	4325
B,65	11.56	206.76	611	6449	4335
B,66	11.72	211.60	69	406	4394
B,67	11.75	212.66	1282	11881	4407
B,68	11.85	215.63	92	539	4443
B,69	11.88	216.62	238	2228	4455
B,70	11.96	219.18	265	2695	4486
B,71	12.01	220.59	210	1671	4503
B,72	12.20	226.49	57	547	4574
B,73	12.48	235.44	1536	12958	4681
B,74	12.51	236.45	771	6507	4693
B,75	12.55	237.71	1056	9869	4708
B,76	12.61	239.57	1173	9924	4730
B,77	12.70	242.27	1025	8584	4762
B,78	12.74	243.71	594	4893	4779
B,79	12.80	245.40	93	648	4799
B,80	12.85	247.02	208	1644	4818
B,81	12.94	250.08	564	5430	4854
B,82	13.06	253.67	844	8396	4896
B,83	13.09	254.69	218	1725	4908
B,84	13.34	262.86	837	8085	5003
B,85	13.40	264.85	411	4459	5026
B,86	13.53	268.83	1535	21396	5072
B,87	13.69	274.31	1857	18492	5135
B,88	13.83	278.68	247	2272	5185
B,89	13.92	281.66	628	6157	5219
B,90	14.16	289.60	863	8123	5309
B,91	14.20	291.01	134	1173	5325
B,92	14.27	293.32	365	3809	5351
B,93	14.65	306.31	637	6626	5493
B,94	14.90	315.27	1035	11166	5589
B,95	15.20	325.40	1394	14632	5699
B,96	15.58	338.47	581	8722	5843
B,97	15.82	346.14	64	718	5933
B,98	16.21	358.57	410	4304	6078
B,99	16.30	361.64	196	2928	6113
B,100	16.35	363.40	363	4330	6133
B,101	16.49	367.72	75	936	6182
B,102	16.61	371.91	1171	12740	6229
B,103	16.78	377.74	91	1035	6294
B,104	16.83	379.28	417	4322	6311
B,105	16.92	382.27	50	463	6344
B,106	17.12	389.22	130	1425	6420
B,107	17.66	408.00	61	573	6621
B,108	17.71	409.99	486	6628	6642
B,109	17.92	417.29	69	975	6719
B,110	18.45	436.24	81	993	6917
B,111	18.76	447.66	58	954	7035
B,112	19.35	468.73	487	5753	7258
B,113	20.11	497.35	71	1141	7541
G,1	6.89	69.45	82	544	2585
G,2	6.92	70.16	113	1331	2596
G,3	7.03	72.80	50	531	2637
G,4	7.32	80.47	60	721	2746
G,5	7.64	89.44	91	1156	2866
G,6	8.24	106.45	71	812	3091
G,7	8.29	107.71	140	1320	3108
G,8	8.70	119.41	99	838	3263
G,9	9.07	130.17	179	1875	3401
G,10	9.23	135.12	74	733	3463
G,11	9.32	137.78	50	696	3496
G,12	9.66	148.60	167	1844	3621
G,13	9.97	158.59	59	542	3739
G,14	10.09	162.20	52	609	3783
G,15	10.32	169.34	148	1487	3871
G,16	10.61	177.99	63	631	3978
G,17	11.42	202.60	59	711	4284
G,18	11.75	212.75	54	505	4408
G,19	12.49	235.52	60	427	4682
G,20	13.53	269.00	58	759	5074
G,21	13.70	274.57	73	654	5138
G,22	15.20	325.49	50	589	5700
G,23	16.61	372.00	52	570	6230
Y,1	6.97	71.32	50	936	2614
Y,2	7.08	73.90	50	862	2654
Y,3	8.26	106.97	56	369	3098
Y,4	9.27	136.25	55	1157	3477
Y,5	9.35	138.59	61	613	3506
Y,6	10.00	159.42	58	926	3749
Y,7	10.04	160.73	57	948	3765
R,1	5.55	35.00	491	4678	2081
R,2	6.09	50.00	593	5118	2284
R,3	7.12	75.00	701	5728	2671
R,4	8.01	100.00	792	6424	3003
R,5	9.36	139.00	899	7102	3511
R,6	9.70	150.00	928	7353	3637
R,7	10.02	160.00	938	7346	3756
R,8	11.34	200.00	1017	8127	4252
R,9	12.85	247.02	1047	9046	4818
R,10	14.47	300.00	1150	10004	5426
R,11	15.63	340.00	1157	10624	5860
R,12	15.94	350.00	1187	10877	5979
R,13	17.43	400.00	1234	11908	6536
R,14	18.82	450.00	1237	12431	7059
R,15	19.93	490.00	1245	13131	7473
R,16	20.17	500.00	1244	13364	7565