B,1	6.60	61.92	183	1287	2476
B,2	6.72	64.69	641	8642	2519
B,3	6.76	65.66	130	967	2534
B,4	6.91	69.33	2371	25313	2591
B,5	6.94	70.10	2471	23085	2603
B,6	6.99	71.39	411	2709	2623
B,7	7.03	72.16	869	7607	2635
B,8	7.05	72.68	893	7463	2643
B,9	7.14	74.81	926	10659	2676
B,10	7.17	75.65	290	2034	2688
B,11	7.22	77.03	69	469	2707
B,12	7.27	78.42	944	7762	2726
B,13	7.29	79.08	1030	10683	2735
B,14	7.34	80.40	2222	27062	2753
B,15	7.40	81.95	234	1777	2774
B,16	7.42	82.61	192	1262	2783
B,17	7.46	83.80	171	985	2799
B,18	7.51	85.22	1229	15072	2818
B,19	7.58	87.17	916	8370	2844
B,20	7.66	89.21	2632	23074	2871
B,21	7.75	92.02	839	9209	2908
B,22	7.81	93.55	126	757	2928
B,23	7.95	97.73	1008	9091	2982
B,24	7.98	98.59	642	5416	2993
B,25	8.02	99.61	1829	17497	3006
B,26	8.07	101.17	86	478	3027
B,27	8.14	103.08	406	3247	3053
B,28	8.27	106.55	1955	15274	3100
B,29	8.31	107.67	2274	31868	3115
B,30	8.38	109.84	128	1092	3144
B,31	8.47	112.17	600	4853	3175
B,32	8.59	115.73	2085	18542	3222
B,33	8.62	116.49	1793	15640	3232
B,34	8.65	117.49	923	8695	3245
B,35	8.68	118.33	1095	9778	3256
B,36	8.74	120.10	434	4049	3279
B,37	8.81	121.87	763	7333	3302
B,38	8.86	123.35	717	6875	3321
B,39	8.90	124.67	581	4324	3338
B,40	8.95	126.24	213	1499	3358
B,41	9.09	130.10	2153	32892	3407
B,42	9.15	132.08	166	930	3432
B,43	9.22	134.08	2077	20532	3457
B,44	9.25	135.04	2291	20684	3469
B,45	9.33	137.38	1052	8857	3498
B,46	9.41	140.04	705	6558	3530
B,47	9.44	140.99	1472	15626	3541
B,48	9.51	143.15	507	4834	3566
B,49	9.60	146.10	445	3192	3600
B,50	9.67	148.52	6394	62109	3628
B,51	9.75	150.84	1195	9447	3655
B,52	9.87	154.61	611	5762	3700
B,53	9.99	158.35	1627	16387	3745
B,54	10.11	162.03	847	8273	3790
B,55	10.23	165.76	665	6104	3836
B,56	10.32	168.52	422	4976	3870
B,57	10.36	169.73	372	3315	3885
B,58	10.40	170.95	371	2700	3900
B,59	10.57	176.12	2176	23144	3964
B,60	10.62	177.74	1202	11125	3984
B,61	10.77	182.02	172	1420	4037
B,62	10.82	183.72	265	2419	4058
B,63	10.86	184.93	589	6086	4073
B,64	10.97	188.16	638	7957	4113
B,65	11.09	191.71	1181	12242	4157
B,66	11.29	197.83	620	8446	4233
B,67	11.40	201.22	788	7490	4275
B,68	11.55	205.95	1027	9612	4333
B,69	11.58	206.77	793	7198	4343
B,70	11.62	208.08	433	3589	4359
B,71	11.78	212.84	1386	13342	4417
B,72	11.87	215.64	63	439	4451
B,73	11.90	216.63	133	1234	4463
B,74	11.94	217.71	90	885	4476
B,75	11.97	218.78	51	404	4489
B,76	12.06	221.52	70	648	4522
B,77	12.15	224.42	69	684	4557
B,78	12.34	230.18	79	613	4626
B,79	12.41	232.36	93	557	4652
B,80	12.44	233.45	228	1595	4665
B,81	12.50	235.47	1408	11721	4689
B,82	12.53	236.31	1087	8624	4699
B,83	12.58	237.74	832	6973	4716
B,84	12.60	238.42	852	7888	4724
B,85	12.63	239.51	595	4394	4737
B,86	12.67	240.78	552	3648	4752
B,87	12.72	242.30	544	4546	4770
B,88	12.77	243.74	956	7622	4787
B,89	12.87	246.97	234	1999	4825
B,90	12.96	250.04	906	8800	4861
B,91	13.08	253.71	1288	13058	4904
B,92	13.36	262.83	904	8181	5010
B,93	13.43	264.99	348	3011	5035
B,94	13.54	268.80	1511	16490	5079
B,95	13.59	270.28	125	1023	5096
B,96	13.71	274.20	592	5669	5141
B,97	13.91	280.77	270	2434	5216
B,98	13.94	281.64	323	3445	5226
B,99	14.10	286.93	76	621	5286
B,100	14.18	289.59	738	6093	5316
B,101	14.22	291.00	85	538	5332
B,102	14.26	292.25	224	2039	5346
B,103	14.31	293.94	1701	15229	5365
B,104	14.46	299.11	439	5027	5423
B,105	14.67	306.35	1960	20166	5500
B,106	14.92	315.34	346	3648	5596
B,107	15.19	324.57	815	7660	5696
B,108	15.21	325.40	1005	10658	5705
B,109	15.58	337.75	638	11503	5841
B,110	15.63	339.64	554	5471	5862
B,111	16.22	358.29	182	2130	6082
B,112	16.32	361.69	173	1750	6121
B,113	16.37	363.36	408	4666	6140
B,114	16.55	369.19	503	4907	6206
B,115	16.63	371.78	619	6411	6235
B,116	16.69	373.74	524	5505	6257
B,117	16.80	377.70	104	943	6301
B,118	16.85	379.15	484	4795	6317
B,119	16.89	380.60	194	1822	6333
B,120	17.74	410.27	464	6897	6652
B,121	17.97	418.33	353	5280	6737
B,122	18.32	431.05	120	1404	6870
B,123	18.78	447.57	155	2150	7041
B,124	19.37	468.54	691	8291	7263
B,125	20.13	497.35	73	1288	7548
G,1	6.91	69.39	85	827	2592
G,2	6.94	70.10	93	861	2603
G,3	7.34	80.40	87	1002	2753
G,4	7.52	85.44	50	686	2821
G,5	7.66	89.28	101	850	2872
G,6	8.02	99.69	75	652	3007
G,7	8.27	106.63	70	509	3101
G,8	8.31	107.67	99	1231	3115
G,9	8.59	115.81	61	526	3223
G,10	8.62	116.64	76	621	3234
G,11	9.09	130.18	94	1474	3408
G,12	9.22	134.16	76	739	3458
G,13	9.26	135.20	93	919	3471
G,14	9.45	141.07	62	668	3542
G,15	9.67	148.52	230	2312	3628
G,16	9.75	150.84	51	467	3655
G,17	9.99	158.43	59	613	3746
G,18	10.57	176.21	80	783	3965
G,19	12.51	235.55	60	447	4690
G,20	12.53	236.39	54	448	4700
G,21	12.60	238.50	52	490	4725
G,22	13.55	268.89	57	668	5080
G,23	14.31	294.11	71	671	5367
G,24	14.67	306.35	75	685	5500
Y,1	6.93	69.71	57	340	2597
Y,2	7.55	86.27	51	914	2832
Y,3	7.62	88.30	51	750	2859
Y,4	8.29	107.07	60	400	3107
Y,5	9.13	131.45	84	1405	3424
Y,6	9.17	132.48	83	1613	3437
Y,7	9.37	138.51	54	727	3512
Y,8	10.02	159.51	52	601	3759
Y,9	12.99	251.06	51	659	4873
R,1	5.57	35.00	515	4837	2090
R,2	6.11	50.00	614	5326	2292
R,3	7.14	75.00	736	6081	2679
R,4	8.03	100.00	825	6535	3011
R,5	9.38	139.00	931	7275	3518
R,6	9.68	148.61	58	469	3629
R,7	9.72	150.00	959	7608	3645
R,8	10.04	160.00	972	7655	3765
R,9	11.36	200.00	1067	8433	4260
R,10	12.87	246.97	1092	9413	4825
R,11	14.49	300.00	1179	10384	5433
R,12	15.64	340.00	1192	10982	5866
R,13	15.96	350.00	1219	11304	5986
R,14	17.45	400.00	1263	12236	6543
R,15	18.84	450.00	1276	12996	7066
R,16	19.95	490.00	1272	13728	7480
R,17	20.19	500.00	1294	13795	7572