B,1	5.53	36.87	136	1193	2075
B,2	5.63	39.79	63	623	2113
B,3	6.53	62.85	63	583	2449
B,4	6.61	64.87	359	5132	2480
B,5	6.65	65.65	126	954	2492
B,6	6.79	69.28	2451	26249	2548
B,7	6.83	70.06	2716	25812	2560
B,8	6.91	72.01	1034	12846	2590
B,9	7.03	74.93	483	4967	2635
B,10	7.05	75.58	396	3018	2644
B,11	7.10	76.90	1109	10311	2662
B,12	7.16	78.51	217	1831	2684
B,13	7.22	80.28	2559	30192	2708
B,14	7.28	81.92	399	2881	2730
B,15	7.30	82.59	1031	9799	2739
B,16	7.40	85.36	239	1999	2776
B,17	7.46	87.09	1068	8146	2799
B,18	7.54	89.14	2336	32597	2826
B,19	7.65	92.44	415	4201	2869
B,20	7.70	93.75	238	1842	2886
B,21	7.86	98.50	892	9938	2947
B,22	7.90	99.61	1410	13261	2961
B,23	7.95	101.18	111	623	2982
B,24	8.03	103.32	614	4712	3011
B,25	8.11	105.48	126	462	3040
B,26	8.14	106.53	3012	23947	3054
B,27	8.18	107.58	4247	42253	3068
B,28	8.26	109.68	335	3246	3096
B,29	8.34	112.18	543	4512	3129
B,30	8.46	115.54	739	4936	3173
B,31	8.49	116.47	1169	8405	3185
B,32	8.54	117.70	900	8866	3201
B,33	8.59	119.17	1646	13608	3220
B,34	8.62	120.02	520	3649	3231
B,35	8.68	121.97	716	6789	3256
B,36	8.77	124.63	881	7382	3290
B,37	8.89	128.11	61	396	3334
B,38	8.93	129.23	130	623	3348
B,39	8.96	130.18	3478	31548	3360
B,40	9.01	131.54	251	2127	3377
B,41	9.09	134.04	1092	14291	3408
B,42	9.12	135.01	2049	18255	3420
B,43	9.19	137.28	249	2726	3448
B,44	9.31	141.09	1102	12809	3493
B,45	9.38	143.27	842	6242	3518
B,46	9.47	146.06	319	2045	3550
B,47	9.54	148.51	7028	70559	3578
B,48	9.73	154.57	516	4620	3649
B,49	9.85	158.34	1067	9943	3694
B,50	9.89	159.67	98	846	3710
B,51	9.97	162.04	1378	12145	3739
B,52	10.05	164.49	87	821	3769
B,53	10.09	165.71	228	1934	3784
B,54	10.17	168.07	383	3076	3813
B,55	10.20	169.13	5916	54879	3826
B,56	10.38	174.42	302	2928	3891
B,57	10.43	176.21	77	535	3913
B,58	10.49	177.75	1267	11178	3932
B,59	10.57	180.35	788	6783	3964
B,60	10.63	182.13	55	359	3986
B,61	10.71	184.56	122	2101	4016
B,62	10.83	188.12	473	6179	4060
B,63	10.99	193.06	111	1067	4121
B,64	11.15	197.82	635	6901	4180
B,65	11.19	199.03	133	1013	4195
B,66	11.23	200.25	82	527	4210
B,67	11.26	201.23	132	887	4222
B,68	11.37	204.50	64	438	4262
B,69	11.41	205.81	328	2804	4278
B,70	11.44	206.72	459	4392	4289
B,71	11.56	210.42	209	1420	4334
B,72	11.63	212.74	5770	57962	4362
B,73	11.85	219.45	1046	9640	4443
B,74	12.23	231.42	292	2671	4586
B,75	12.26	232.51	54	321	4599
B,76	12.36	235.47	1959	21988	4634
B,77	12.38	236.31	1163	9764	4644
B,78	12.43	237.67	1306	12304	4660
B,79	12.49	239.53	1323	12097	4682
B,80	12.57	242.25	1840	16040	4714
B,81	12.62	243.70	630	5069	4731
B,82	12.81	250.02	1357	13885	4805
B,83	12.93	253.62	1554	16163	4847
B,84	13.21	262.77	832	8270	4953
B,85	13.24	263.90	316	2481	4966
B,86	13.27	264.77	432	4112	4976
B,87	13.39	268.77	1350	17381	5022
B,88	13.56	274.28	538	5299	5085
B,89	13.78	281.66	548	6787	5169
B,90	13.99	288.57	256	2129	5247
B,91	14.02	289.46	253	2144	5257
B,92	14.07	291.06	178	1220	5275
B,93	14.10	292.13	616	5743	5287
B,94	14.17	294.45	71	560	5313
B,95	14.31	299.10	573	5986	5365
B,96	14.44	303.80	286	2817	5415
B,97	14.77	315.26	715	7383	5537
B,98	15.06	325.44	1889	19824	5647
B,99	15.44	338.47	383	5525	5790
B,100	15.50	340.51	116	948	5813
B,101	15.84	351.21	97	1328	5940
B,102	16.07	358.59	924	9504	6025
B,103	16.16	361.66	216	1871	6060
B,104	16.21	363.42	360	5810	6080
B,105	16.41	369.90	535	5375	6153
B,106	16.47	372.04	209	2048	6177
B,107	16.64	377.80	100	1109	6241
B,108	16.69	379.24	377	3926	6257
B,109	16.78	382.33	67	609	6291
B,110	17.47	406.39	183	1570	6550
B,111	17.51	407.99	68	612	6567
B,112	17.57	409.88	653	7579	6587
B,113	17.77	417.16	99	1379	6664
B,114	18.30	436.17	75	911	6863
B,115	18.62	447.77	199	2430	6983
B,116	19.21	468.63	1096	12918	7204
B,117	19.97	497.35	70	1131	7488
G,1	6.80	69.35	74	720	2549
G,2	6.84	70.32	77	848	2564
G,3	7.22	80.36	86	987	2709
G,4	7.54	89.22	86	868	2827
G,5	8.15	106.68	78	605	3056
G,6	8.19	107.80	114	1336	3071
G,7	8.50	116.54	52	320	3186
G,8	8.59	119.17	59	471	3220
G,9	8.97	130.34	100	993	3362
G,10	9.13	135.17	68	559	3422
G,11	9.54	148.60	191	2042	3579
G,12	10.20	169.13	176	1778	3826
G,13	11.63	212.82	162	1738	4363
G,14	12.36	235.47	56	508	4634
G,15	12.58	242.42	70	548	4716
G,16	12.93	253.71	54	485	4848
G,17	15.06	325.35	63	642	5646
Y,1	8.16	107.05	72	464	3061
Y,2	12.53	241.06	51	715	4700
R,1	5.47	35.00	472	4372	2051
R,2	6.01	50.00	569	4923	2252
R,3	7.03	75.00	666	5536	2636
R,4	7.91	100.00	750	6007	2966
R,5	9.25	139.00	850	6656	3469
R,6	9.54	148.60	86	783	3579
R,7	9.59	150.00	882	6937	3595
R,8	9.90	160.00	902	6969	3714
R,9	10.20	169.13	65	596	3826
R,10	11.22	200.00	971	7831	4207
R,11	11.63	212.82	71	714	4363
R,12	12.72	246.94	1013	8634	4769
R,13	14.33	300.00	1099	9712	5375
R,14	15.49	340.00	1111	10165	5807
R,15	15.80	350.00	1135	10543	5926
R,16	17.29	400.00	1170	11499	6482
R,17	18.68	450.00	1166	12055	7006
R,18	19.79	490.00	1184	12691	7420
R,19	20.03	500.00	1182	12774	7512