B,1	6.41	55.80	71	765	2402
B,2	6.58	59.91	75	557	2466
B,3	6.66	62.02	134	892	2499
B,4	6.70	62.85	121	1061	2512
B,5	6.77	64.52	626	10035	2538
B,6	6.97	69.37	2818	25429	2614
B,7	7.00	70.08	2435	24391	2625
B,8	7.09	72.25	973	10701	2659
B,9	7.11	72.76	970	9009	2667
B,10	7.20	74.87	94	647	2700
B,11	7.23	75.72	273	2708	2712
B,12	7.27	76.79	728	7218	2727
B,13	7.33	78.45	689	6708	2750
B,14	7.40	80.34	2343	30598	2776
B,15	7.49	82.74	510	6220	2809
B,16	7.58	85.32	355	3406	2844
B,17	7.65	87.17	1200	11211	2869
B,18	7.72	89.19	2163	25901	2896
B,19	7.79	90.99	416	4751	2920
B,20	7.84	92.42	258	2599	2939
B,21	8.02	97.76	1717	21981	3009
B,22	8.09	99.61	848	9053	3033
B,23	8.18	102.03	728	7581	3066
B,24	8.21	103.04	108	666	3080
B,25	8.34	106.55	2084	17617	3128
B,26	8.38	107.58	5832	60335	3142
B,27	8.46	109.73	646	5957	3171
B,28	8.54	112.18	418	3706	3204
B,29	8.67	115.63	2149	24298	3250
B,30	8.70	116.46	1437	12564	3261
B,31	8.73	117.52	1468	17190	3275
B,32	8.83	120.19	481	5414	3310
B,33	8.89	122.02	1147	13180	3334
B,34	8.98	124.64	534	5023	3368
B,35	9.09	127.83	352	2995	3409
B,36	9.17	130.17	2647	36046	3439
B,37	9.30	134.04	1949	25198	3488
B,38	9.33	134.92	1542	15531	3499
B,39	9.41	137.39	832	7793	3530
B,40	9.54	141.23	2366	32267	3576
B,41	9.60	143.20	245	2029	3599
B,42	9.69	146.12	301	2001	3633
B,43	9.76	148.53	5736	71115	3661
B,44	9.89	152.61	117	871	3709
B,45	9.96	154.70	290	2755	3734
B,46	9.99	155.69	90	642	3746
B,47	10.07	158.35	1105	11790	3778
B,48	10.20	162.10	1331	13755	3824
B,49	10.29	164.76	352	3520	3857
B,50	10.32	165.80	289	2674	3870
B,51	10.39	167.81	390	5841	3895
B,52	10.50	171.11	189	1471	3936
B,53	10.55	172.87	2777	31918	3958
B,54	10.67	176.24	786	9672	4000
B,55	10.72	177.84	1643	17402	4020
B,56	10.86	182.00	66	857	4072
B,57	10.92	183.92	231	3166	4096
B,58	11.07	188.23	620	9209	4150
B,59	11.18	191.57	594	7619	4192
B,60	11.37	197.30	54	576	4264
B,61	11.41	198.41	83	813	4278
B,62	11.51	201.37	283	3599	4315
B,63	11.55	202.83	84	933	4333
B,64	11.66	205.98	870	10549	4372
B,65	11.69	206.79	919	13333	4382
B,66	11.81	210.45	86	769	4427
B,67	11.88	212.65	1620	19739	4454
B,68	11.97	215.60	320	3751	4490
B,69	12.04	217.64	59	531	4515
B,70	12.15	221.09	56	766	4557
B,71	12.26	224.31	75	788	4596
B,72	12.45	230.43	537	6477	4670
B,73	12.55	233.43	220	1541	4706
B,74	12.62	235.51	994	16947	4731
B,75	12.69	237.76	547	5321	4758
B,76	12.74	239.52	748	7358	4779
B,77	12.83	242.29	532	6215	4812
B,78	12.88	243.72	494	5157	4829
B,79	13.08	250.12	894	12308	4905
B,80	13.19	253.68	832	12054	4947
B,81	13.40	260.24	199	2151	5024
B,82	13.48	262.89	401	7544	5055
B,83	13.54	264.86	255	3050	5078
B,84	13.66	268.81	494	8885	5124
B,85	13.81	273.56	54	687	5179
B,86	13.96	278.41	213	2893	5235
B,87	14.03	280.76	270	3641	5262
B,88	14.30	289.50	190	2381	5362
B,89	14.38	292.23	291	4490	5393
B,90	14.59	299.03	404	7504	5470
B,91	14.79	306.27	414	7813	5548
B,92	15.23	321.38	97	1286	5712
B,93	15.35	325.56	216	3213	5758
B,94	15.43	328.00	242	3348	5785
B,95	15.73	338.31	139	2548	5900
B,96	16.79	371.79	114	2148	6295
B,97	16.83	373.21	60	626	6311
B,98	19.35	468.78	50	642	7256
G,1	6.97	69.37	111	865	2614
G,2	7.00	70.14	92	981	2626
G,3	7.41	80.48	93	1058	2778
G,4	7.73	89.34	80	1021	2898
G,5	8.02	97.68	75	914	3008
G,6	8.34	106.63	68	592	3129
G,7	8.39	107.81	209	2275	3145
G,8	8.67	115.86	69	676	3253
G,9	8.70	116.54	62	495	3262
G,10	8.73	117.52	61	640	3275
G,11	9.18	130.33	98	1158	3441
G,12	9.31	134.20	81	1033	3490
G,13	9.34	135.08	73	805	3501
G,14	9.54	141.40	96	1147	3578
G,15	9.77	148.71	198	2430	3663
G,16	10.56	173.11	101	1208	3961
G,17	10.73	178.00	67	663	4022
G,18	11.88	212.65	62	755	4454
Y,1	7.68	87.99	54	780	2880
Y,2	9.20	131.12	89	867	3451
Y,3	9.22	131.67	96	1076	3458
Y,4	9.25	132.62	94	1392	3470
Y,5	10.11	159.59	54	837	3793
R,1	5.62	35.00	493	4907	2108
R,2	6.17	50.00	586	5187	2312
R,3	7.21	75.00	683	5951	2702
R,4	8.10	100.00	731	6440	3038
R,5	9.47	139.00	739	7482	3550
R,6	9.81	150.00	720	8006	3678
R,7	10.13	160.00	793	7701	3798
R,8	11.46	200.00	781	8385	4298
R,9	12.98	247.00	706	8939	4868
R,10	14.62	300.00	537	8952	5481
R,11	15.78	340.00	390	7517	5919
R,12	16.11	350.00	309	6463	6040
R,13	17.60	400.00	94	2293	6599
R,14	18.83	450.00	109	1283	7061
R,15	19.92	490.00	135	1972	7471
R,16	20.17	500.00	129	2007	7562