B,1	6.64	62.05	151	1192	2489
B,2	6.73	64.23	395	4218	2523
B,3	6.94	69.29	1460	15401	2602
B,4	6.97	70.06	1333	10752	2614
B,5	7.01	71.09	736	6039	2630
B,6	7.05	71.99	895	7974	2644
B,7	7.17	74.87	733	9292	2689
B,8	7.23	76.59	249	2759	2713
B,9	7.30	78.40	863	8708	2738
B,10	7.37	80.37	1449	18814	2765
B,11	7.43	81.91	161	964	2786
B,12	7.45	82.57	343	2951	2795
B,13	7.55	85.38	119	1154	2833
B,14	7.62	87.17	451	3364	2857
B,15	7.69	89.20	1764	15440	2884
B,16	7.71	89.88	1678	16497	2893
B,17	7.75	90.93	308	3031	2907
B,18	7.79	92.15	218	1164	2923
B,19	7.85	93.75	174	1206	2944
B,20	7.99	97.67	686	5866	2995
B,21	8.02	98.60	775	7516	3007
B,22	8.05	99.61	1818	17092	3020
B,23	8.11	101.23	69	386	3042
B,24	8.31	106.56	2028	19459	3115
B,25	8.34	107.59	4671	42239	3129
B,26	8.42	109.74	361	2773	3158
B,27	8.51	112.20	275	2101	3191
B,28	8.63	115.73	1791	16275	3238
B,29	8.66	116.49	1257	10822	3248
B,30	8.70	117.55	984	12103	3262
B,31	8.78	119.91	228	2514	3293
B,32	8.85	121.98	1078	10604	3320
B,33	8.95	124.68	793	8208	3355
B,34	9.06	127.95	73	596	3397
B,35	9.10	129.20	905	7973	3413
B,36	9.13	130.15	1800	17317	3425
B,37	9.26	134.03	1765	17922	3474
B,38	9.30	134.98	1872	18342	3486
B,39	9.37	137.31	285	2808	3515
B,40	9.49	140.99	2055	29121	3559
B,41	9.56	143.15	260	1596	3584
B,42	9.66	146.44	498	5587	3622
B,43	9.72	148.52	5654	57532	3646
B,44	9.91	154.62	795	9972	3718
B,45	10.04	158.43	631	5394	3764
B,46	10.16	162.10	1796	17148	3809
B,47	10.24	164.68	329	2644	3841
B,48	10.28	165.73	270	2271	3854
B,49	10.35	167.83	289	2601	3880
B,50	10.38	168.87	198	2381	3893
B,51	10.45	171.04	311	2437	3920
B,52	10.52	172.97	691	5645	3944
B,53	10.57	174.50	468	3827	3963
B,54	10.63	176.35	963	10606	3986
B,55	10.68	177.79	2230	27566	4004
B,56	10.76	180.36	315	2742	4036
B,57	10.88	183.80	239	2082	4079
B,58	10.92	185.08	78	638	4095
B,59	11.02	188.20	420	4850	4134
B,60	11.06	189.32	138	1128	4148
B,61	11.34	197.77	423	4742	4254
B,62	11.38	198.97	221	2224	4269
B,63	11.46	201.37	392	3619	4299
B,64	11.50	202.42	703	6480	4312
B,65	11.61	205.91	765	7477	4355
B,66	11.65	206.88	201	1519	4367
B,67	11.70	208.67	69	504	4389
B,68	11.83	212.66	941	9272	4438
B,69	11.93	215.69	50	424	4475
B,70	12.21	224.33	76	630	4580
B,71	12.29	226.56	79	809	4607
B,72	12.51	233.45	202	1510	4690
B,73	12.57	235.45	1658	15450	4714
B,74	12.60	236.46	583	4793	4726
B,75	12.64	237.71	921	9076	4741
B,76	12.70	239.64	808	7889	4764
B,77	12.76	241.40	168	1062	4785
B,78	12.79	242.24	274	1678	4795
B,79	12.83	243.67	275	2018	4812
B,80	12.94	247.04	57	413	4852
B,81	13.03	250.08	1144	10118	4888
B,82	13.09	251.69	184	1357	4907
B,83	13.15	253.64	1275	12572	4930
B,84	13.28	257.90	81	716	4980
B,85	13.43	262.86	1411	13708	5038
B,86	13.47	263.88	145	286	5050
B,87	13.50	264.91	483	4896	5062
B,88	13.62	268.78	1022	13239	5107
B,89	13.79	274.31	1767	18647	5171
B,90	14.01	281.61	497	7909	5255
B,91	14.17	286.86	171	1449	5315
B,92	14.26	289.58	414	4047	5346
B,93	14.29	290.81	179	1690	5360
B,94	14.54	299.11	671	7149	5454
B,95	14.87	310.67	170	2362	5578
B,96	15.25	323.44	101	621	5717
B,97	15.31	325.53	762	7417	5740
B,98	15.36	327.26	79	569	5759
B,99	15.38	328.07	152	1481	5768
B,100	15.45	330.42	992	9937	5794
B,101	15.51	332.49	441	4182	5817
B,102	15.67	337.68	302	3108	5875
B,103	15.70	338.66	338	4360	5886
B,104	15.93	346.04	117	1356	5974
B,105	16.33	358.56	299	3427	6122
B,106	16.43	361.85	126	1367	6160
B,107	16.47	363.33	240	2809	6177
B,108	16.73	371.85	968	10856	6274
B,109	16.95	379.24	591	6811	6357
B,110	17.05	382.39	50	506	6392
B,111	17.84	409.80	150	2121	6689
B,112	17.87	411.02	74	736	6702
B,113	18.05	417.22	68	1033	6768
B,114	18.90	447.78	88	1203	7089
B,115	19.50	468.65	446	5417	7312
B,116	20.26	497.38	91	1343	7599
G,1	6.97	70.13	51	419	2615
G,2	7.70	89.35	57	403	2886
G,3	7.71	89.80	67	953	2892
G,4	8.06	99.84	58	603	3023
G,5	8.31	106.78	62	546	3118
G,6	8.35	107.67	146	1433	3130
G,7	8.63	115.66	53	484	3237
G,8	9.14	130.31	62	627	3427
G,9	9.30	135.06	65	666	3487
G,10	9.50	141.33	71	898	3563
G,11	9.72	148.52	180	2079	3646
G,12	10.16	162.18	60	658	3810
G,13	10.68	177.87	73	1050	4005
G,14	12.58	235.62	53	433	4716
G,15	13.14	253.56	54	561	4929
G,16	13.79	274.40	66	719	5172
R,1	5.60	35.00	390	3749	2099
R,2	6.14	50.00	515	4480	2302
R,3	7.18	75.00	639	5469	2691
R,4	8.07	100.00	732	5970	3025
R,5	9.43	139.00	824	6636	3536
R,6	9.72	148.52	67	562	3646
R,7	9.77	150.00	846	6990	3663
R,8	10.09	160.00	859	6893	3783
R,9	11.42	200.00	934	7774	4282
R,10	12.94	246.95	950	8481	4851
R,11	14.57	300.00	1042	9707	5464
R,12	15.74	340.00	1054	10135	5901
R,13	16.06	350.00	1089	10475	6022
R,14	17.56	400.00	1131	11405	6584
R,15	18.97	450.00	1135	11816	7112
R,16	20.08	490.00	1158	12614	7530
R,17	20.33	500.00	1145	12649	7623