B,1	6.66	64.92	213	3219	2498
B,2	6.84	69.31	1529	15363	2566
B,3	6.87	70.08	2181	23425	2578
B,4	6.96	72.09	483	4876	2609
B,5	6.99	72.86	409	3195	2621
B,6	7.07	74.81	533	5180	2651
B,7	7.10	75.65	306	2583	2663
B,8	7.14	76.82	97	600	2679
B,9	7.27	80.27	1476	20427	2726
B,10	7.33	81.82	161	1018	2747
B,11	7.40	83.98	67	360	2776
B,12	7.46	85.70	411	4813	2799
B,13	7.52	87.28	277	2229	2820
B,14	7.59	89.17	1962	19746	2845
B,15	7.64	90.70	1197	13696	2865
B,16	7.70	92.46	80	650	2888
B,17	7.73	93.15	91	669	2897
B,18	7.79	95.00	312	2282	2921
B,19	7.88	97.65	307	2185	2955
B,20	7.91	98.66	730	6850	2968
B,21	7.97	100.15	611	5790	2987
B,22	8.04	102.27	84	526	3016
B,23	8.09	103.52	86	637	3033
B,24	8.20	106.56	1991	21434	3074
B,25	8.23	107.60	2989	27383	3088
B,26	8.31	109.77	667	5921	3117
B,27	8.39	112.10	467	6310	3148
B,28	8.52	115.74	1492	17500	3196
B,29	8.58	117.35	748	6681	3217
B,30	8.61	118.19	541	4945	3228
B,31	8.67	120.12	1627	16316	3253
B,32	8.74	121.98	658	6025	3277
B,33	8.83	124.55	463	3936	3310
B,34	8.94	128.01	52	331	3354
B,35	9.01	130.07	1695	15286	3380
B,36	9.07	131.74	63	502	3401
B,37	9.12	133.26	961	5819	3420
B,38	9.14	133.98	1413	15144	3429
B,39	9.18	134.95	1317	12427	3441
B,40	9.26	137.54	1600	17774	3473
B,41	9.32	139.26	77	419	3494
B,42	9.37	140.83	376	3813	3512
B,43	9.44	143.18	954	8064	3539
B,44	9.52	145.80	106	689	3569
B,45	9.60	148.60	5374	61425	3601
B,46	9.70	151.87	1278	13913	3639
B,47	9.79	154.65	246	1708	3672
B,48	9.87	157.25	171	1691	3703
B,49	9.91	158.42	1525	13037	3717
B,50	10.03	162.12	1150	11075	3762
B,51	10.15	165.86	610	4967	3808
B,52	10.25	168.62	252	2750	3842
B,53	10.28	169.60	808	6906	3854
B,54	10.32	170.98	152	993	3871
B,55	10.35	171.95	376	2895	3883
B,56	10.45	174.78	55	366	3918
B,57	10.50	176.24	422	3906	3936
B,58	10.55	177.94	1997	18322	3957
B,59	10.63	180.28	272	2029	3986
B,60	10.69	182.06	56	408	4008
B,61	10.79	185.13	74	746	4046
B,62	10.89	188.27	482	6285	4085
B,63	11.06	193.34	51	320	4148
B,64	11.09	194.30	819	7099	4160
B,65	11.25	199.04	113	877	4219
B,66	11.29	200.32	63	352	4235
B,67	11.33	201.30	625	5950	4247
B,68	11.38	203.01	70	540	4268
B,69	11.47	205.86	747	7088	4303
B,70	11.51	206.92	415	3832	4316
B,71	11.55	208.15	208	1798	4331
B,72	11.69	212.58	3783	37860	4385
B,73	11.85	217.52	111	719	4445
B,74	11.89	218.51	545	5137	4457
B,75	11.96	220.83	167	2233	4485
B,76	12.08	224.56	84	757	4530
B,77	12.20	228.23	78	686	4574
B,78	12.27	230.40	146	1445	4600
B,79	12.43	235.43	429	3302	4660
B,80	12.46	236.43	384	2734	4672
B,81	12.50	237.61	912	7738	4686
B,82	12.53	238.54	841	7781	4697
B,83	12.56	239.63	927	9093	4710
B,84	12.64	242.25	1211	11864	4741
B,85	12.69	243.69	618	4957	4758
B,86	12.84	248.52	75	784	4815
B,87	12.89	250.14	994	9284	4834
B,88	13.00	253.64	781	7119	4875
B,89	13.10	256.72	403	4032	4911
B,90	13.29	262.82	1176	11664	4982
B,91	13.35	264.80	315	2874	5005
B,92	13.47	268.70	1164	14458	5050
B,93	13.64	274.34	1350	13673	5115
B,94	13.86	281.69	870	9163	5199
B,95	14.02	286.88	141	1329	5258
B,96	14.10	289.52	120	999	5288
B,97	14.15	291.03	82	688	5305
B,98	14.22	293.33	354	3507	5331
B,99	14.39	299.02	407	4226	5395
B,100	14.59	306.33	356	3982	5473
B,101	14.71	310.27	54	655	5515
B,102	14.94	318.54	216	2432	5604
B,103	15.14	325.33	1112	11905	5678
B,104	15.29	330.44	166	1665	5734
B,105	15.53	338.47	618	9182	5823
B,106	15.66	342.68	83	1053	5872
B,107	16.12	357.39	125	1084	6046
B,108	16.16	358.52	303	3180	6059
B,109	16.25	361.56	228	3171	6094
B,110	16.30	363.31	495	5558	6114
B,111	16.48	369.20	264	2488	6181
B,112	16.56	371.77	544	5459	6210
B,113	16.62	373.64	483	4955	6231
B,114	16.74	377.94	54	494	6279
B,115	16.78	379.19	449	4571	6293
B,116	16.87	382.26	72	744	6327
B,117	17.42	401.03	74	726	6531
B,118	17.66	409.74	147	1798	6624
B,119	17.89	417.57	149	2259	6707
B,120	18.27	431.16	200	2364	6850
B,121	18.73	447.78	169	2136	7023
B,122	18.82	451.19	64	526	7059
B,123	18.90	453.77	1384	15822	7087
B,124	19.32	468.70	834	10342	7246
B,125	20.08	497.27	93	1359	7531
G,1	6.84	69.24	53	603	2565
G,2	6.88	70.15	81	911	2579
G,3	7.28	80.56	57	959	2730
G,4	7.59	89.17	67	740	2845
G,5	8.21	106.78	67	625	3077
G,6	8.24	107.75	98	997	3090
G,7	8.53	115.89	50	593	3198
G,8	8.68	120.35	61	659	3256
G,9	9.02	130.15	64	663	3381
G,10	9.18	135.11	51	538	3443
G,11	9.26	137.45	57	569	3472
G,12	9.60	148.60	172	2147	3601
G,13	9.92	158.59	58	488	3719
G,14	10.04	162.28	54	532	3764
G,15	10.55	178.02	68	687	3958
G,16	11.70	212.74	126	1496	4387
R,1	5.51	35.00	422	4042	2066
R,2	6.05	50.00	522	4444	2268
R,3	7.08	75.00	609	5005	2654
R,4	7.96	100.00	680	5414	2985
R,5	9.31	139.00	795	6129	3491
R,6	9.61	148.69	67	558	3602
R,7	9.65	150.00	808	6368	3617
R,8	9.96	160.00	806	6382	3736
R,9	11.28	200.00	889	7125	4231
R,10	12.79	246.99	913	7790	4797
R,11	14.42	300.00	978	8830	5406
R,12	15.57	340.00	997	9238	5840
R,13	15.89	350.00	1023	9533	5960
R,14	17.39	400.00	1049	10320	6520
R,15	18.79	450.00	1070	11019	7046
R,16	19.90	490.00	1076	11546	7463
R,17	20.15	500.00	1077	11648	7556