B,1	6.71	64.65	344	5577	2518
B,2	6.76	65.74	119	1099	2535
B,3	6.91	69.28	2152	30589	2590
B,4	6.94	70.11	1772	16746	2603
B,5	6.99	71.33	142	861	2622
B,6	7.02	72.10	828	7594	2634
B,7	7.17	75.58	433	5447	2687
B,8	7.22	76.95	93	789	2706
B,9	7.27	78.56	340	3199	2728
B,10	7.34	80.38	1448	19935	2753
B,11	7.42	82.67	382	3129	2784
B,12	7.59	87.21	978	7930	2845
B,13	7.66	89.24	1603	13857	2872
B,14	7.71	90.83	659	7465	2893
B,15	7.77	92.35	137	1116	2913
B,16	7.81	93.65	151	1303	2930
B,17	7.98	98.60	397	3923	2994
B,18	8.02	99.69	1015	9915	3008
B,19	8.08	101.23	94	678	3029
B,20	8.12	102.40	76	447	3045
B,21	8.15	103.13	256	2014	3055
B,22	8.27	106.58	1522	16362	3102
B,23	8.31	107.62	2354	27609	3116
B,24	8.39	109.92	202	1367	3147
B,25	8.47	112.23	339	2776	3178
B,26	8.54	114.19	1390	10687	3204
B,27	8.60	115.70	1928	16954	3224
B,28	8.63	116.53	1556	13613	3235
B,29	8.66	117.59	1307	13861	3249
B,30	8.75	120.04	1051	9718	3281
B,31	8.82	122.03	697	6232	3307
B,32	8.86	123.35	742	6465	3324
B,33	8.90	124.51	854	7527	3339
B,34	9.10	130.22	2469	25479	3412
B,35	9.18	132.51	284	2365	3441
B,36	9.23	134.02	1303	11641	3460
B,37	9.26	134.90	762	5853	3471
B,38	9.34	137.55	1050	10151	3504
B,39	9.45	140.99	1001	8539	3545
B,40	9.52	143.24	998	8420	3571
B,41	9.60	145.83	81	480	3601
B,42	9.69	148.52	4971	50250	3632
B,43	9.76	150.84	553	4185	3659
B,44	9.82	152.69	120	775	3681
B,45	9.88	154.62	619	5399	3704
B,46	9.91	155.78	60	341	3718
B,47	10.00	158.35	965	9260	3749
B,48	10.12	162.10	1770	16610	3795
B,49	10.24	165.82	759	6369	3841
B,50	10.35	169.13	2593	29016	3882
B,51	10.44	171.78	470	5081	3915
B,52	10.52	174.20	130	954	3945
B,53	10.59	176.21	2652	23288	3970
B,54	10.64	177.90	995	8393	3991
B,55	10.72	180.31	597	6724	4021
B,56	10.86	184.56	434	3837	4074
B,57	10.92	186.17	1286	10921	4094
B,58	10.98	188.17	456	4436	4119
B,59	11.30	197.76	403	5916	4239
B,60	11.39	200.24	128	820	4270
B,61	11.42	201.21	547	5041	4282
B,62	11.46	202.35	527	4689	4296
B,63	11.57	205.84	893	8397	4339
B,64	11.60	206.73	986	9585	4350
B,65	11.64	207.96	374	3171	4365
B,66	11.79	212.61	1533	14352	4422
B,67	11.84	214.01	731	6404	4439
B,68	11.89	215.56	155	930	4458
B,69	12.15	223.81	1245	11622	4558
B,70	12.50	234.54	166	822	4687
B,71	12.53	235.46	923	8118	4698
B,72	12.56	236.46	202	1250	4710
B,73	12.60	237.72	351	3044	4725
B,74	12.66	239.57	690	5855	4747
B,75	12.69	240.49	99	444	4758
B,76	12.71	241.33	109	698	4768
B,77	12.74	242.26	893	7309	4779
B,78	12.79	243.78	643	4656	4797
B,79	12.89	246.99	57	434	4835
B,80	12.99	250.12	1126	10327	4872
B,81	13.04	251.65	77	610	4890
B,82	13.10	253.69	1070	10433	4914
B,83	13.14	254.80	189	1284	4927
B,84	13.23	257.70	66	572	4961
B,85	13.39	262.85	900	9556	5021
B,86	13.45	264.82	453	4323	5044
B,87	13.57	268.70	1164	14910	5089
B,88	13.74	274.33	792	8169	5154
B,89	13.88	278.69	218	1952	5204
B,90	13.97	281.57	512	5002	5237
B,91	14.03	283.58	165	1448	5260
B,92	14.13	286.91	79	544	5298
B,93	14.21	289.55	518	4696	5328
B,94	14.26	291.14	130	1063	5346
B,95	14.32	293.35	420	4078	5371
B,96	14.49	299.02	716	7224	5435
B,97	14.70	306.29	623	6737	5513
B,98	15.19	323.29	72	743	5697
B,99	15.25	325.39	1181	12424	5720
B,100	15.40	330.38	518	5168	5775
B,101	15.47	332.73	230	2153	5801
B,102	15.61	337.58	348	2927	5855
B,103	15.64	338.48	459	5013	5865
B,104	16.26	358.26	52	663	6098
B,105	16.36	361.39	164	2199	6134
B,106	16.42	363.32	325	3689	6156
B,107	16.59	369.21	205	1991	6223
B,108	16.68	371.96	1047	11300	6254
B,109	16.85	377.76	127	1376	6319
B,110	16.89	379.20	558	5755	6335
B,111	16.99	382.36	77	668	6370
B,112	17.58	402.80	113	1342	6592
B,113	17.80	410.66	225	3725	6676
B,114	17.99	417.44	95	1068	6748
B,115	18.84	447.78	230	2518	7066
B,116	18.94	451.10	223	2413	7101
B,117	19.35	465.65	244	2598	7257
B,118	19.43	468.60	377	4215	7288
B,119	20.20	497.38	69	1147	7575
G,1	6.91	69.34	85	992	2591
G,2	6.94	70.11	64	689	2603
G,3	7.35	80.53	57	778	2755
G,4	7.66	89.39	51	500	2874
G,5	8.31	107.69	71	984	3117
G,6	8.60	115.77	56	471	3225
G,7	8.63	116.61	57	463	3236
G,8	8.67	117.67	51	514	3250
G,9	9.10	130.38	86	964	3414
G,10	9.23	134.10	52	455	3461
G,11	9.69	148.70	143	1434	3634
G,12	10.13	162.26	54	639	3797
G,13	10.36	169.37	89	1012	3885
G,14	10.59	176.37	100	973	3972
R,1	5.57	35.00	400	3726	2088
R,2	6.11	50.00	454	3983	2291
R,3	7.14	75.00	543	4540	2679
R,4	8.03	100.00	616	4915	3012
R,5	9.39	139.00	699	5538	3522
R,6	9.69	148.52	54	472	3632
R,7	9.73	150.00	720	5847	3649
R,8	10.05	160.00	732	5811	3769
R,9	11.38	200.00	783	6419	4267
R,10	12.89	246.99	807	7039	4835
R,11	14.52	300.00	891	7985	5446
R,12	15.69	340.00	896	8353	5882
R,13	16.01	350.00	932	8670	6002
R,14	17.50	400.00	960	9398	6562
R,15	18.90	450.00	975	9849	7089
R,16	20.02	490.00	975	10539	7506
R,17	20.26	500.00	977	10628	7599