B,1	6.57	61.99	272	2749	2463
B,2	6.67	64.38	276	3174	2500
B,3	6.73	65.79	86	894	2522
B,4	6.87	69.33	2291	25551	2577
B,5	6.90	70.11	1452	11778	2589
B,6	6.95	71.20	623	4687	2606
B,7	6.98	71.97	1184	10315	2618
B,8	7.10	74.94	629	8409	2664
B,9	7.17	76.60	328	3523	2687
B,10	7.23	78.42	599	5798	2712
B,11	7.30	80.40	2035	23036	2739
B,12	7.36	81.95	145	844	2760
B,13	7.38	82.62	230	1647	2769
B,14	7.48	85.37	103	948	2806
B,15	7.55	87.25	620	4802	2831
B,16	7.62	89.21	1402	11556	2857
B,17	7.65	89.97	1407	13351	2867
B,18	7.68	90.96	429	4143	2880
B,19	7.72	92.18	426	2472	2896
B,20	7.78	93.71	133	882	2916
B,21	7.83	95.17	53	306	2935
B,22	7.91	97.73	1325	12169	2968
B,23	7.95	98.67	635	5083	2980
B,24	7.98	99.69	1518	14153	2993
B,25	8.04	101.24	62	313	3014
B,26	8.23	106.52	2060	19675	3086
B,27	8.27	107.63	5021	44932	3101
B,28	8.35	109.79	457	3570	3130
B,29	8.43	112.19	263	2021	3162
B,30	8.55	115.67	1809	15311	3208
B,31	8.58	116.50	1256	11104	3219
B,32	8.62	117.57	1126	12919	3233
B,33	8.71	120.02	389	3542	3265
B,34	8.78	122.03	1103	11026	3291
B,35	8.86	124.59	734	7470	3324
B,36	8.98	128.12	83	612	3369
B,37	9.02	129.22	726	5901	3383
B,38	9.05	130.17	1944	18604	3395
B,39	9.18	133.99	1857	18827	3443
B,40	9.21	134.96	2266	21104	3455
B,41	9.29	137.38	384	3127	3485
B,42	9.41	141.01	2375	33157	3528
B,43	9.47	143.19	230	1361	3553
B,44	9.58	146.59	572	5974	3592
B,45	9.64	148.51	5451	55458	3614
B,46	9.83	154.54	741	9610	3685
B,47	9.95	158.35	559	4595	3731
B,48	10.07	162.11	1561	14797	3777
B,49	10.15	164.62	277	2410	3808
B,50	10.19	165.75	397	3374	3822
B,51	10.26	167.70	330	2866	3846
B,52	10.29	168.83	195	2064	3860
B,53	10.37	171.01	420	3204	3887
B,54	10.43	172.95	1118	9351	3911
B,55	10.48	174.49	322	2535	3930
B,56	10.54	176.34	850	8247	3953
B,57	10.59	177.80	2290	30430	3971
B,58	10.67	180.38	354	3054	4003
B,59	10.73	182.07	101	679	4024
B,60	10.79	183.76	297	2463	4045
B,61	10.83	184.97	65	507	4060
B,62	10.93	188.19	447	6037	4100
B,63	11.08	192.53	61	526	4154
B,64	11.25	197.83	539	5502	4220
B,65	11.29	198.80	304	3646	4232
B,66	11.37	201.38	495	4317	4264
B,67	11.41	202.43	552	5014	4277
B,68	11.52	205.93	851	8112	4320
B,69	11.55	206.91	158	1200	4332
B,70	11.61	208.55	51	318	4352
B,71	11.74	212.64	1203	11314	4402
B,72	11.83	215.43	64	700	4436
B,73	12.11	224.27	112	937	4543
B,74	12.19	226.52	59	538	4570
B,75	12.41	233.44	261	2032	4653
B,76	12.47	235.45	1949	18426	4677
B,77	12.50	236.46	566	3889	4689
B,78	12.54	237.63	782	7295	4703
B,79	12.60	239.57	839	8523	4726
B,80	12.66	241.34	154	788	4747
B,81	12.69	242.26	201	1070	4758
B,82	12.73	243.70	299	2236	4775
B,83	12.93	250.06	1119	9529	4850
B,84	12.98	251.59	206	1517	4868
B,85	13.04	253.55	1442	13976	4891
B,86	13.18	257.91	71	638	4942
B,87	13.33	262.80	1589	16308	4999
B,88	13.39	264.87	414	3913	5023
B,89	13.51	268.75	922	11754	5068
B,90	13.69	274.30	1673	17241	5132
B,91	13.91	281.63	304	4199	5216
B,92	14.07	286.90	151	1321	5276
B,93	14.15	289.54	359	3487	5306
B,94	14.19	290.78	121	1065	5320
B,95	14.43	299.02	508	5150	5413
B,96	14.77	310.73	126	2005	5538
B,97	15.14	323.47	69	427	5676
B,98	15.19	325.48	740	7094	5698
B,99	15.27	328.03	170	1970	5726
B,100	15.34	330.39	908	9005	5752
B,101	15.40	332.46	416	3837	5775
B,102	15.55	337.68	364	3829	5833
B,103	15.58	338.66	331	4069	5844
B,104	15.82	345.96	116	1425	5931
B,105	16.21	358.56	345	3961	6080
B,106	16.31	361.77	176	1969	6117
B,107	16.36	363.33	232	2486	6135
B,108	16.62	371.76	1082	11758	6231
B,109	16.80	377.90	128	1199	6300
B,110	16.84	379.15	1029	10781	6314
B,111	16.93	382.21	59	490	6348
B,112	17.73	409.80	156	2241	6647
B,113	17.75	410.83	71	653	6658
B,114	17.93	417.12	80	1107	6725
B,115	18.79	447.59	78	1029	7045
B,116	19.38	468.55	610	7410	7269
B,117	20.15	497.38	127	1876	7557
G,1	6.87	69.33	77	845	2577
G,2	6.91	70.30	54	427	2592
G,3	7.31	80.55	71	832	2741
G,4	7.64	89.89	52	521	2866
G,5	7.98	99.76	54	619	2994
G,6	8.23	106.60	68	661	3087
G,7	8.27	107.71	168	1785	3102
G,8	8.55	115.67	65	462	3208
G,9	9.06	130.25	65	723	3396
G,10	9.19	134.32	64	524	3447
G,11	9.21	134.96	75	843	3455
G,12	9.42	141.35	87	1338	3532
G,13	9.64	148.60	165	1945	3615
G,14	10.07	162.19	62	662	3778
G,15	10.59	177.88	80	1158	3972
G,16	12.48	235.62	62	663	4679
G,17	13.05	253.72	54	578	4893
G,18	13.69	274.39	67	752	5133
R,1	5.54	35.00	445	4269	2077
R,2	6.07	50.00	538	4681	2278
R,3	7.11	75.00	643	5463	2665
R,4	7.99	100.00	718	5800	2997
R,5	8.27	107.71	57	487	3102
R,6	9.35	139.00	839	6507	3505
R,7	9.64	148.69	73	630	3616
R,8	9.68	150.00	862	6834	3631
R,9	10.00	160.00	877	6894	3751
R,10	11.33	200.00	947	7624	4247
R,11	12.83	246.92	984	8351	4813
R,12	14.46	300.00	1065	9482	5424
R,13	15.62	340.00	1096	10104	5859
R,14	15.95	350.00	1111	10475	5980
R,15	17.45	400.00	1151	11249	6542
R,16	18.85	450.00	1156	11884	7070
R,17	19.97	490.00	1160	12459	7488
R,18	20.22	500.00	1165	12667	7581