B,1	6.58	61.94	235	2235	2469
B,2	6.69	64.45	166	1901	2508
B,3	6.74	65.73	103	1275	2528
B,4	6.89	69.33	2213	21453	2584
B,5	6.92	70.11	2077	20103	2596
B,6	7.01	72.16	476	4668	2628
B,7	7.03	72.81	339	2634	2638
B,8	7.12	74.87	702	6701	2670
B,9	7.15	75.65	288	2512	2681
B,10	7.19	76.81	324	3129	2697
B,11	7.25	78.41	461	4038	2719
B,12	7.32	80.24	1444	15498	2744
B,13	7.38	81.86	607	5536	2766
B,14	7.41	82.67	350	2416	2777
B,15	7.49	85.04	1327	17485	2809
B,16	7.57	87.21	776	7955	2838
B,17	7.64	89.24	1844	20591	2865
B,18	7.76	92.58	142	1273	2909
B,19	7.79	93.65	146	1798	2923
B,20	7.84	94.96	122	768	2940
B,21	7.94	97.82	1513	23394	2977
B,22	8.00	99.69	501	4545	3001
B,23	8.06	101.16	107	934	3021
B,24	8.10	102.39	51	257	3038
B,25	8.15	103.78	678	5457	3057
B,26	8.25	106.56	1810	16357	3095
B,27	8.29	107.60	2283	20660	3109
B,28	8.37	109.74	554	4110	3138
B,29	8.46	112.21	357	3080	3171
B,30	8.53	114.23	496	3084	3198
B,31	8.58	115.59	984	9254	3216
B,32	8.61	116.50	517	3627	3228
B,33	8.64	117.49	678	6461	3241
B,34	8.67	118.25	681	5683	3251
B,35	8.73	120.01	502	5818	3274
B,36	8.80	122.00	1675	16056	3300
B,37	8.89	124.71	537	4576	3335
B,38	9.00	127.83	171	1367	3375
B,39	9.07	130.04	2170	20420	3403
B,40	9.12	131.30	140	864	3419
B,41	9.21	134.01	1939	21274	3453
B,42	9.24	134.97	1957	18773	3465
B,43	9.33	137.70	1532	12172	3499
B,44	9.41	140.05	389	2755	3527
B,45	9.43	140.92	524	7163	3537
B,46	9.50	143.19	1014	8728	3563
B,47	9.59	146.07	413	3330	3596
B,48	9.66	148.52	3615	34329	3624
B,49	9.74	150.84	949	7563	3651
B,50	9.79	152.59	106	618	3672
B,51	9.82	153.42	201	1443	3682
B,52	9.86	154.67	661	5120	3697
B,53	9.92	156.48	68	339	3719
B,54	9.98	158.37	379	4269	3742
B,55	10.03	159.84	128	1072	3760
B,56	10.10	162.02	1164	10599	3787
B,57	10.18	164.60	305	2599	3819
B,58	10.22	165.73	310	2520	3833
B,59	10.30	168.15	205	1156	3863
B,60	10.33	169.12	3469	34787	3875
B,61	10.51	174.52	161	1223	3942
B,62	10.56	176.05	696	6192	3961
B,63	10.62	177.82	1732	15642	3983
B,64	10.71	180.39	449	4267	4015
B,65	10.75	181.60	399	3716	4030
B,66	10.82	183.77	180	1156	4057
B,67	10.86	184.98	452	2988	4072
B,68	10.90	186.18	875	6758	4087
B,69	10.93	187.15	1047	9208	4099
B,70	10.96	188.11	401	3151	4111
B,71	11.12	192.85	52	526	4170
B,72	11.25	196.87	368	2863	4220
B,73	11.29	197.83	1079	11256	4232
B,74	11.37	200.32	154	1229	4263
B,75	11.55	205.92	604	5982	4332
B,76	11.58	206.81	664	6778	4343
B,77	11.77	212.61	1437	13562	4414
B,78	11.84	214.66	61	318	4439
B,79	11.87	215.56	432	3684	4450
B,80	11.94	217.78	50	453	4477
B,81	12.02	220.41	98	777	4509
B,82	12.17	224.96	91	1196	4564
B,83	12.22	226.62	166	1669	4584
B,84	12.45	233.52	133	744	4667
B,85	12.51	235.44	1567	15237	4690
B,86	12.54	236.45	879	7379	4702
B,87	12.58	237.62	948	9775	4716
B,88	12.64	239.55	877	8032	4739
B,89	12.68	240.89	537	6265	4755
B,90	12.72	242.24	763	5972	4771
B,91	12.77	243.84	152	944	4790
B,92	12.87	246.88	261	2397	4826
B,93	12.97	250.10	334	3215	4864
B,94	13.08	253.67	1170	11860	4906
B,95	13.21	257.67	121	1183	4953
B,96	13.37	262.81	1925	22026	5013
B,97	13.43	264.87	377	3263	5037
B,98	13.55	268.75	1088	13841	5082
B,99	13.73	274.37	1382	14342	5147
B,100	13.95	281.68	201	2216	5231
B,101	14.11	286.85	148	1248	5290
B,102	14.19	289.57	455	4284	5321
B,103	14.30	293.36	350	3861	5364
B,104	14.47	299.02	527	5588	5428
B,105	14.94	315.21	67	739	5602
B,106	15.15	322.65	236	2059	5683
B,107	15.23	325.39	925	9307	5713
B,108	15.37	330.11	426	4478	5765
B,109	15.48	333.72	234	2300	5805
B,110	15.59	337.58	307	2873	5848
B,111	15.62	338.48	329	3182	5858
B,112	15.66	339.64	444	4397	5871
B,113	16.25	358.61	657	7171	6095
B,114	16.35	361.92	209	2515	6133
B,115	16.40	363.40	488	5686	6150
B,116	16.66	372.05	1058	11561	6248
B,117	16.84	378.03	118	1142	6315
B,118	16.88	379.29	839	9115	6329
B,119	16.97	382.36	92	851	6363
B,120	17.29	393.32	51	590	6483
B,121	17.66	406.44	134	1243	6624
B,122	17.76	409.81	504	5435	6660
B,123	17.97	417.34	103	1370	6740
B,124	18.08	421.12	60	613	6780
B,125	18.36	431.09	182	2244	6885
B,126	18.82	447.59	250	2829	7057
B,127	18.92	451.10	181	2672	7094
B,128	18.99	453.78	1246	15866	7123
B,129	19.34	465.88	299	3436	7252
B,130	20.18	497.38	146	2299	7567
G,1	6.90	69.46	70	670	2586
G,2	6.93	70.17	77	770	2597
G,3	7.33	80.46	53	531	2747
G,4	7.64	89.32	64	709	2866
G,5	8.26	106.64	56	599	3096
G,6	8.30	107.74	86	773	3111
G,7	8.80	122.08	57	609	3301
G,8	9.07	130.04	74	919	3403
G,9	9.21	134.09	57	535	3454
G,10	9.24	134.97	73	850	3465
G,11	9.34	137.87	62	486	3501
G,12	9.67	148.60	112	1172	3625
G,13	10.34	169.20	100	1090	3876
G,14	10.63	177.98	61	580	3985
G,15	13.08	253.67	50	429	4906
G,16	13.37	262.89	68	702	5014
G,17	13.73	274.46	50	555	5148
R,1	5.55	35.00	428	4008	2080
R,2	6.09	50.00	507	4353	2284
R,3	7.13	75.00	605	5028	2672
R,4	8.01	100.00	661	5232	3005
R,5	9.37	139.00	762	6019	3515
R,6	9.71	150.00	780	6265	3641
R,7	10.03	160.00	793	6309	3762
R,8	11.36	200.00	864	6966	4259
R,9	12.87	246.96	888	7747	4827
R,10	14.50	300.00	966	8809	5439
R,11	15.67	340.00	978	9125	5875
R,12	15.99	350.00	1006	9413	5995
R,13	17.48	400.00	1040	10278	6555
R,14	18.89	450.00	1054	10687	7082
R,15	19.99	490.00	1051	11344	7498
R,16	20.24	500.00	1050	11469	7591