B,1	6.65	64.21	361	3190	2492
B,2	6.68	64.98	346	5643	2504
B,3	6.86	69.35	1422	16752	2572
B,4	6.89	70.12	2314	27273	2584
B,5	6.99	72.43	1379	17905	2620
B,6	7.09	74.81	680	6201	2657
B,7	7.12	75.65	507	4897	2669
B,8	7.16	76.89	376	2638	2686
B,9	7.22	78.35	1323	12052	2706
B,10	7.29	80.33	974	11473	2733
B,11	7.37	82.62	943	11364	2764
B,12	7.45	84.70	298	2154	2792
B,13	7.55	87.70	55	262	2832
B,14	7.61	89.21	1332	13321	2852
B,15	7.65	90.58	64	435	2870
B,16	7.70	92.02	457	4841	2889
B,17	7.76	93.71	94	933	2911
B,18	7.93	98.43	737	9217	2972
B,19	7.97	99.69	1154	10442	2988
B,20	8.03	101.53	230	2370	3013
B,21	8.10	103.21	836	7618	3036
B,22	8.18	105.55	965	7735	3068
B,23	8.22	106.59	1781	17128	3082
B,24	8.26	107.62	2506	25909	3096
B,25	8.33	109.77	556	4670	3125
B,26	8.42	112.32	418	3746	3159
B,27	8.54	115.63	1011	8013	3203
B,28	8.57	116.54	1238	10580	3215
B,29	8.60	117.30	572	4349	3225
B,30	8.63	118.29	1499	12465	3238
B,31	8.68	119.66	1180	12124	3256
B,32	8.76	121.89	151	1369	3285
B,33	8.85	124.59	1437	15894	3320
B,34	8.97	128.02	154	1419	3364
B,35	9.04	130.14	738	6530	3391
B,36	9.15	133.31	571	3584	3431
B,37	9.17	134.03	844	8521	3440
B,38	9.21	134.98	1395	12915	3452
B,39	9.29	137.39	599	7357	3482
B,40	9.41	141.16	2627	26966	3527
B,41	9.47	143.24	1297	13068	3551
B,42	9.54	145.57	170	1047	3578
B,43	9.57	146.35	224	1631	3587
B,44	9.63	148.44	4130	40967	3611
B,45	9.77	152.78	280	2438	3662
B,46	9.82	154.62	597	5242	3684
B,47	9.89	156.78	156	1059	3710
B,48	9.94	158.35	484	5796	3729
B,49	9.99	159.67	91	546	3745
B,50	10.02	160.73	137	939	3758
B,51	10.07	162.10	758	7632	3775
B,52	10.21	166.47	183	1512	3829
B,53	10.26	167.84	117	669	3846
B,54	10.28	168.65	142	1090	3856
B,55	10.32	169.70	2619	23641	3869
B,56	10.36	171.07	273	2110	3886
B,57	10.45	173.80	123	792	3920
B,58	10.53	176.22	2180	22880	3950
B,59	10.59	177.83	1981	17790	3970
B,60	10.67	180.40	546	4419	4002
B,61	10.78	183.77	70	785	4044
B,62	10.83	185.13	150	1628	4061
B,63	10.93	188.18	370	4053	4099
B,64	11.01	190.66	59	517	4130
B,65	11.10	193.13	88	896	4161
B,66	11.25	197.85	399	3936	4220
B,67	11.30	199.12	127	1115	4236
B,68	11.37	201.37	1025	10709	4264
B,69	11.52	205.91	1051	10569	4320
B,70	11.55	206.88	1001	10202	4332
B,71	11.74	212.75	3193	33461	4404
B,72	11.84	215.69	55	396	4440
B,73	11.95	219.14	59	417	4482
B,74	12.20	226.88	710	6897	4576
B,75	12.27	229.04	404	3450	4602
B,76	12.32	230.61	457	4100	4621
B,77	12.42	233.60	166	1134	4657
B,78	12.48	235.60	1593	18488	4681
B,79	12.55	237.85	834	10049	4708
B,80	12.64	240.53	248	1982	4740
B,81	12.70	242.37	782	6873	4762
B,82	12.74	243.80	400	3833	4779
B,83	12.80	245.56	133	933	4800
B,84	12.94	250.11	948	9691	4854
B,85	12.99	251.55	318	2710	4871
B,86	13.06	253.75	994	9687	4897
B,87	13.18	257.65	1209	12644	4943
B,88	13.35	262.94	1092	12488	5005
B,89	13.41	264.90	105	835	5028
B,90	13.53	268.93	1461	20255	5075
B,91	13.87	279.97	368	3371	5203
B,92	13.93	281.80	368	3533	5224
B,93	14.09	287.02	102	888	5284
B,94	14.17	289.72	243	2310	5315
B,95	14.22	291.30	538	4792	5333
B,96	14.25	292.26	823	8144	5344
B,97	14.46	299.12	458	4636	5422
B,98	14.50	300.47	53	419	5437
B,99	14.53	301.40	56	407	5447
B,100	15.02	318.45	82	773	5632
B,101	15.12	322.00	837	10684	5671
B,102	15.22	325.43	881	8545	5709
B,103	15.36	330.02	835	7954	5760
B,104	15.44	332.62	688	10663	5789
B,105	15.61	338.40	463	7049	5854
B,106	15.86	346.29	52	542	5948
B,107	16.02	351.27	154	1692	6008
B,108	16.06	352.37	99	833	6021
B,109	16.35	361.87	195	2209	6132
B,110	16.40	363.34	385	4750	6149
B,111	16.58	369.25	332	3118	6217
B,112	16.66	371.97	865	8762	6248
B,113	16.88	379.21	284	2757	6330
B,114	16.98	382.50	226	2814	6367
B,115	17.37	395.69	714	8216	6513
B,116	17.52	401.01	437	6434	6571
B,117	17.78	409.88	487	6418	6667
B,118	17.99	417.12	110	1676	6745
B,119	18.85	447.62	189	2268	7069
B,120	19.36	465.23	313	4054	7260
B,121	20.23	497.30	69	891	7586
G,1	6.90	70.44	68	963	2589
G,2	6.99	72.62	52	682	2623
G,3	8.22	106.73	56	524	3084
G,4	8.26	107.69	85	890	3097
G,5	8.69	119.74	51	478	3257
G,6	8.86	124.90	59	724	3324
G,7	9.21	135.06	54	529	3453
G,8	9.41	141.25	83	999	3528
G,9	9.48	143.50	57	620	3554
G,10	9.63	148.61	126	1390	3613
G,11	10.33	169.94	91	845	3872
G,12	10.54	176.30	63	730	3951
G,13	10.59	178.07	63	682	3973
G,14	11.75	213.07	94	1121	4408
G,15	12.48	235.60	55	662	4681
G,16	13.54	269.10	60	720	5077
R,1	5.52	35.00	392	3670	2071
R,2	6.06	50.00	476	4098	2272
R,3	7.09	75.00	559	4713	2660
R,4	7.98	100.00	625	5081	2992
R,5	9.34	139.00	712	5658	3502
R,6	9.68	150.00	737	5880	3629
R,7	10.00	160.00	753	5929	3749
R,8	11.33	200.00	806	6570	4247
R,9	12.85	246.99	836	7337	4817
R,10	14.49	300.00	899	8265	5432
R,11	15.66	340.00	916	8692	5872
R,12	15.98	350.00	943	8920	5993
R,13	17.49	400.00	972	9747	6560
R,14	18.92	450.00	987	10270	7094
R,15	20.05	490.00	989	10813	7517
R,16	20.30	500.00	989	10952	7611