B,1	6.37	57.02	55	1239	2390
B,2	6.58	62.13	299	2911	2469
B,3	6.67	64.32	200	1651	2503
B,4	6.70	65.03	406	5075	2514
B,5	6.87	68.95	1532	10772	2575
B,6	6.89	69.47	1842	19628	2583
B,7	6.92	70.24	1449	13961	2595
B,8	7.01	72.30	885	9313	2627
B,9	7.15	75.93	133	835	2682
B,10	7.19	76.94	284	2363	2696
B,11	7.25	78.54	630	6808	2718
B,12	7.29	79.63	568	4096	2733
B,13	7.32	80.43	1518	15598	2744
B,14	7.40	82.70	347	4698	2775
B,15	7.48	84.84	492	4154	2804
B,16	7.57	87.37	255	2210	2838
B,17	7.64	89.31	1175	11073	2864
B,18	7.69	90.89	211	2167	2885
B,19	7.74	92.10	465	3861	2901
B,20	7.80	93.85	105	553	2924
B,21	7.97	98.76	474	5092	2988
B,22	8.02	100.14	754	8596	3006
B,23	8.14	103.55	698	9162	3053
B,24	8.25	106.56	1915	22354	3094
B,25	8.29	107.66	3867	34779	3109
B,26	8.37	109.73	122	767	3137
B,27	8.45	112.12	225	2011	3169
B,28	8.58	115.65	1457	12247	3216
B,29	8.61	116.55	1350	13940	3228
B,30	8.63	117.16	899	12470	3236
B,31	8.71	119.59	1053	9627	3268
B,32	8.80	122.12	1415	13086	3301
B,33	8.89	124.67	616	5174	3334
B,34	9.01	128.02	74	609	3377
B,35	9.07	130.06	708	6151	3403
B,36	9.14	131.88	309	2478	3426
B,37	9.21	134.02	721	6558	3453
B,38	9.24	134.98	1420	13256	3465
B,39	9.33	137.63	2379	26382	3498
B,40	9.43	140.90	1865	19027	3537
B,41	9.50	143.24	874	7554	3564
B,42	9.60	146.44	263	2355	3601
B,43	9.67	148.52	2373	27154	3625
B,44	9.80	152.78	254	1971	3675
B,45	9.84	153.95	788	6477	3689
B,46	9.86	154.62	905	8821	3697
B,47	9.93	156.78	117	914	3723
B,48	9.98	158.43	693	5373	3743
B,49	10.04	160.32	278	2397	3766
B,50	10.10	162.10	968	9109	3788
B,51	10.19	164.76	322	2785	3821
B,52	10.22	165.80	298	2645	3834
B,53	10.30	167.98	158	1029	3861
B,54	10.34	169.42	1421	21919	3879
B,55	10.57	176.25	1248	11273	3964
B,56	10.62	177.85	1830	16093	3984
B,57	10.71	180.33	173	1289	4015
B,58	10.78	182.41	318	2852	4041
B,59	10.86	184.80	147	1511	4071
B,60	10.89	185.68	96	780	4082
B,61	10.97	188.23	308	2868	4114
B,62	11.04	190.30	281	2458	4140
B,63	11.14	193.25	75	546	4177
B,64	11.17	194.28	934	8112	4190
B,65	11.25	196.59	60	567	4219
B,66	11.29	197.78	228	1874	4234
B,67	11.33	199.05	53	352	4250
B,68	11.38	200.40	231	1872	4267
B,69	11.41	201.21	374	3579	4277
B,70	11.45	202.50	539	4824	4293
B,71	11.50	203.95	58	406	4311
B,72	11.56	205.97	796	7502	4336
B,73	11.59	206.78	728	6770	4346
B,74	11.78	212.71	3508	36943	4419
B,75	12.33	229.62	223	2117	4625
B,76	12.38	231.19	77	706	4644
B,77	12.52	235.51	1794	18578	4696
B,78	12.59	237.67	850	6046	4722
B,79	12.62	238.59	1941	17191	4733
B,80	12.65	239.59	4632	46873	4745
B,81	12.74	242.35	393	3572	4778
B,82	12.79	243.77	211	1925	4795
B,83	12.89	247.13	67	506	4835
B,84	12.99	250.08	1061	10070	4870
B,85	13.03	251.34	313	2721	4885
B,86	13.10	253.79	987	11254	4914
B,87	13.23	257.69	2311	22533	4960
B,88	13.39	262.79	743	7454	5020
B,89	13.44	264.42	225	2582	5039
B,90	13.58	269.12	295	2938	5094
B,91	13.62	270.41	74	662	5109
B,92	13.97	281.72	321	3536	5240
B,93	14.14	287.02	143	1309	5301
B,94	14.21	289.55	724	7175	5330
B,95	14.26	291.21	811	8342	5349
B,96	14.36	294.37	61	618	5385
B,97	14.50	299.03	253	2674	5438
B,98	14.57	301.41	111	1010	5464
B,99	14.72	306.74	87	1106	5521
B,100	15.27	325.49	836	8509	5726
B,101	15.32	327.20	143	1307	5745
B,102	15.41	330.24	386	3892	5779
B,103	15.48	332.56	333	3958	5805
B,104	15.52	333.99	404	3136	5821
B,105	15.57	335.67	174	1302	5840
B,106	15.66	338.41	143	2123	5871
B,107	15.89	345.62	77	880	5958
B,108	15.94	347.16	602	6134	5977
B,109	16.07	351.26	94	1368	6027
B,110	16.41	361.86	146	1628	6152
B,111	16.45	363.24	174	1915	6168
B,112	16.63	369.29	325	3098	6238
B,113	16.71	371.82	1060	11129	6267
B,114	16.89	377.62	125	1373	6333
B,115	16.93	379.12	593	6227	6350
B,116	17.03	382.32	99	869	6386
B,117	17.58	400.92	118	2293	6591
B,118	17.84	410.04	274	3695	6690
B,119	18.21	423.04	97	1099	6830
B,120	18.24	423.98	81	779	6840
B,121	18.91	447.53	50	565	7090
B,122	19.01	451.09	177	1905	7128
B,123	19.13	455.09	5732	70531	7172
B,124	19.42	465.36	179	2139	7283
B,125	19.51	468.55	190	2215	7317
B,126	20.29	497.22	67	865	7608
G,1	6.89	69.47	64	934	2583
G,2	6.93	70.43	59	593	2598
G,3	7.32	80.58	62	676	2746
G,4	8.25	106.63	69	642	3095
G,5	8.29	107.74	119	1201	3110
G,6	8.58	115.72	56	394	3217
G,7	8.61	116.63	55	435	3229
G,8	8.81	122.28	54	518	3303
G,9	9.33	137.79	75	915	3500
G,10	9.44	141.16	63	774	3540
G,11	9.67	148.61	89	954	3626
G,12	10.34	169.42	56	794	3879
G,13	10.63	177.93	56	562	3985
G,14	11.79	212.87	105	1300	4421
G,15	12.53	235.67	66	650	4698
G,16	12.62	238.67	70	530	4734
G,17	12.66	239.76	147	1662	4747
G,18	13.23	257.77	81	885	4961
G,19	19.13	455.37	161	2150	7175
R,1	5.55	35.00	424	4089	2080
R,2	6.09	50.00	522	4527	2282
R,3	7.12	75.00	634	5258	2669
R,4	8.01	100.00	696	5650	3004
R,5	9.37	139.00	773	6172	3515
R,6	9.71	150.00	810	6490	3642
R,7	10.03	160.00	827	6619	3762
R,8	11.37	200.00	892	7395	4262
R,9	12.89	246.88	920	8080	4832
R,10	14.53	300.00	996	9048	5449
R,11	15.70	340.00	1020	9540	5889
R,12	16.03	350.00	1044	9856	6012
R,13	17.55	400.00	1078	10738	6581
R,14	18.98	450.00	1079	11351	7116
R,15	19.13	455.27	60	706	7174
R,16	20.10	490.00	1093	11958	7539
R,17	20.36	500.00	1095	12071	7634