B,1	5.82	41.77	232	2301	2181
B,2	5.85	42.59	129	1285	2192
B,3	6.75	65.03	490	6991	2530
B,4	6.93	69.41	727	5135	2599
B,5	6.96	70.17	1437	14601	2611
B,6	7.05	72.14	714	8657	2642
B,7	7.07	72.71	445	2968	2651
B,8	7.19	75.72	189	1418	2697
B,9	7.23	76.86	427	3980	2713
B,10	7.30	78.52	475	4851	2736
B,11	7.34	79.68	551	4416	2752
B,12	7.36	80.33	707	8032	2761
B,13	7.45	82.67	1324	15671	2793
B,14	7.60	86.87	143	1017	2850
B,15	7.62	87.54	60	302	2859
B,16	7.68	89.18	1076	11000	2881
B,17	7.78	91.96	502	7670	2918
B,18	7.84	93.63	330	3735	2940
B,19	8.02	98.68	261	2764	3006
B,20	8.05	99.69	609	5604	3019
B,21	8.10	100.93	249	2181	3036
B,22	8.18	103.17	560	6930	3067
B,23	8.26	105.50	577	4300	3099
B,24	8.30	106.45	847	10222	3112
B,25	8.34	107.62	1514	13595	3128
B,26	8.42	109.83	322	2644	3158
B,27	8.51	112.21	320	2584	3190
B,28	8.63	115.57	769	6041	3235
B,29	8.66	116.48	871	11490	3247
B,30	8.72	118.21	286	1808	3270
B,31	8.78	120.04	592	7840	3294
B,32	8.85	122.02	599	5660	3320
B,33	8.87	122.64	546	3748	3328
B,34	8.94	124.56	971	10044	3353
B,35	9.04	127.51	1265	13092	3391
B,36	9.15	130.64	990	9103	3431
B,37	9.26	134.04	565	4155	3474
B,38	9.29	134.91	1340	12902	3485
B,39	9.38	137.39	1170	12067	3516
B,40	9.50	141.16	1550	17414	3561
B,41	9.55	143.07	1059	10519	3583
B,42	9.72	148.53	4177	45650	3646
B,43	9.83	151.84	249	1996	3685
B,44	9.91	154.58	427	5596	3718
B,45	9.99	156.81	394	3485	3745
B,46	10.04	158.45	549	4881	3765
B,47	10.12	160.88	190	1880	3795
B,48	10.16	162.09	1507	14055	3810
B,49	10.29	165.85	657	5604	3857
B,50	10.39	169.14	3668	52273	3898
B,51	10.45	170.81	149	1058	3919
B,52	10.57	174.49	154	1209	3965
B,53	10.63	176.24	214	1809	3987
B,54	10.69	177.84	667	6151	4007
B,55	10.77	180.39	547	5122	4039
B,56	10.83	182.06	53	373	4060
B,57	10.93	185.01	138	1382	4097
B,58	11.03	188.27	450	5531	4138
B,59	11.11	190.65	59	514	4168
B,60	11.20	193.11	367	3115	4199
B,61	11.23	194.06	809	7776	4211
B,62	11.36	197.86	195	1674	4259
B,63	11.39	198.97	123	1083	4273
B,64	11.47	201.28	1709	17244	4302
B,65	11.51	202.40	544	4960	4316
B,66	11.58	204.65	204	1775	4344
B,67	11.62	205.86	627	5025	4359
B,68	11.65	206.74	895	9347	4370
B,69	11.82	211.67	215	1554	4431
B,70	11.85	212.72	3434	34521	4444
B,71	11.93	214.99	138	1114	4472
B,72	12.31	226.83	398	3689	4617
B,73	12.38	228.89	1090	10144	4642
B,74	12.52	233.26	225	1836	4695
B,75	12.59	235.41	635	5216	4721
B,76	12.62	236.40	1240	13027	4733
B,77	12.66	237.56	1220	15406	4747
B,78	12.75	240.47	223	1674	4782
B,79	12.81	242.30	651	5667	4804
B,80	12.85	243.63	562	5254	4820
B,81	12.91	245.47	93	721	4842
B,82	12.93	246.14	103	882	4850
B,83	12.96	246.89	116	975	4859
B,84	13.06	250.08	688	7739	4897
B,85	13.17	253.52	740	7087	4938
B,86	13.30	257.57	2276	23435	4986
B,87	13.46	262.83	1039	10282	5048
B,88	13.49	263.85	149	952	5060
B,89	13.52	264.78	172	1473	5071
B,90	13.65	268.71	994	12718	5117
B,91	13.82	274.19	221	2157	5181
B,92	13.95	278.40	286	2693	5230
B,93	14.05	281.69	410	4247	5268
B,94	14.21	286.80	298	2605	5327
B,95	14.29	289.67	411	4914	5360
B,96	14.34	291.07	777	8899	5376
B,97	14.37	292.11	435	3338	5388
B,98	14.45	294.65	64	769	5417
B,99	14.58	299.03	247	2631	5467
B,100	14.80	306.72	63	707	5550
B,101	14.92	310.78	63	1208	5594
B,102	15.25	322.11	1081	11303	5718
B,103	15.35	325.46	670	6715	5755
B,104	15.55	332.45	126	1516	5833
B,105	15.71	337.70	569	11438	5892
B,106	16.01	347.14	212	2133	6005
B,107	16.15	351.26	123	1660	6055
B,108	16.48	361.83	69	661	6179
B,109	16.53	363.39	291	3612	6197
B,110	16.71	369.38	1225	12529	6266
B,111	16.79	371.91	816	7814	6295
B,112	16.86	374.46	150	1410	6324
B,113	16.96	377.65	83	829	6360
B,114	17.01	379.24	421	4674	6378
B,115	17.10	382.37	89	844	6413
B,116	17.64	400.74	64	815	6615
B,117	17.90	409.91	181	2249	6714
B,118	18.11	417.18	119	1542	6792
B,119	18.28	423.08	106	1812	6855
B,120	18.50	430.90	114	1302	6938
B,121	18.78	440.75	138	1655	7042
B,122	18.98	447.80	145	1885	7116
B,123	19.58	468.76	212	2711	7342
B,124	20.35	497.30	75	1005	7630
G,1	6.97	70.36	52	753	2614
G,2	7.45	82.74	53	626	2794
G,3	9.50	141.25	50	590	3562
G,4	9.73	148.70	117	1242	3648
G,5	10.17	162.25	51	483	3812
G,6	10.41	169.53	105	1524	3903
G,7	11.48	201.52	53	538	4305
G,8	11.86	212.88	84	1121	4446
G,9	13.30	257.83	59	799	4989
R,1	5.58	35.00	369	3494	2092
R,2	6.12	50.00	440	3881	2295
R,3	7.17	75.00	523	4452	2687
R,4	8.06	100.00	584	4695	3023
R,5	9.43	139.00	655	5408	3536
R,6	9.77	150.00	681	5521	3663
R,7	10.09	160.00	693	5692	3784
R,8	11.43	200.00	737	6203	4286
R,9	12.95	246.81	766	6795	4858
R,10	14.61	300.00	831	7736	5478
R,11	15.78	340.00	844	8091	5918
R,12	16.11	350.00	869	8328	6040
R,13	17.62	400.00	905	9109	6607
R,14	19.04	450.00	908	9626	7139
R,15	20.16	490.00	919	10065	7561
R,16	20.41	500.00	905	10119	7655