B,1	6.66	62.03	303	2787	2499
B,2	6.76	64.38	240	2049	2536
B,3	6.79	64.95	356	4239	2545
B,4	6.97	69.40	1363	20503	2615
B,5	7.01	70.17	1093	11206	2627
B,6	7.09	72.14	644	7086	2658
B,7	7.24	75.86	100	677	2715
B,8	7.28	76.86	167	1237	2729
B,9	7.34	78.45	431	4507	2751
B,10	7.41	80.41	1128	14165	2778
B,11	7.49	82.52	231	3142	2807
B,12	7.57	84.73	359	3084	2837
B,13	7.66	87.24	161	1449	2871
B,14	7.73	89.26	932	8764	2898
B,15	7.79	90.91	337	3603	2920
B,16	7.82	91.97	353	3341	2934
B,17	7.89	93.86	74	487	2959
B,18	8.06	98.76	381	4276	3023
B,19	8.11	100.07	604	7703	3040
B,20	8.23	103.54	474	6172	3088
B,21	8.35	106.60	1217	15479	3130
B,22	8.39	107.70	3120	28514	3145
B,23	8.46	109.76	114	674	3173
B,24	8.55	112.28	177	1740	3207
B,25	8.67	115.72	1120	9796	3253
B,26	8.70	116.55	995	9134	3264
B,27	8.73	117.22	746	10136	3273
B,28	8.81	119.65	828	7643	3305
B,29	8.90	122.16	1048	9758	3338
B,30	8.99	124.69	582	5008	3371
B,31	9.11	128.18	66	669	3416
B,32	9.18	130.13	474	3916	3441
B,33	9.24	131.93	286	2319	3464
B,34	9.31	134.06	594	5649	3491
B,35	9.34	135.01	1126	10731	3503
B,36	9.43	137.72	2221	24197	3537
B,37	9.54	140.97	1309	13357	3576
B,38	9.61	143.20	594	5004	3602
B,39	9.71	146.47	180	1527	3640
B,40	9.77	148.54	1959	21405	3664
B,41	9.90	152.75	230	1774	3714
B,42	9.94	153.92	616	5190	3728
B,43	9.97	154.66	689	6488	3737
B,44	10.03	156.81	119	930	3763
B,45	10.09	158.45	508	3910	3783
B,46	10.15	160.40	302	2578	3807
B,47	10.21	162.08	872	8924	3828
B,48	10.30	164.80	228	2080	3862
B,49	10.34	165.92	228	2132	3876
B,50	10.45	169.44	1070	16798	3920
B,51	10.68	176.22	1038	9635	4005
B,52	10.74	177.89	1071	9605	4026
B,53	10.82	180.43	197	1637	4058
B,54	10.89	182.34	226	2010	4082
B,55	10.97	184.72	108	1036	4112
B,56	11.00	185.76	77	596	4125
B,57	11.08	188.21	226	2151	4156
B,58	11.15	190.35	240	2298	4183
B,59	11.25	193.20	91	730	4219
B,60	11.29	194.31	880	7890	4233
B,61	11.41	197.87	177	1424	4278
B,62	11.49	200.32	193	1556	4309
B,63	11.52	201.28	385	3598	4321
B,64	11.56	202.48	358	3078	4336
B,65	11.68	205.94	656	6451	4379
B,66	11.70	206.74	652	6265	4389
B,67	11.90	212.72	2411	26624	4463
B,68	12.28	224.29	82	735	4605
B,69	12.46	229.71	220	2124	4671
B,70	12.50	231.19	55	554	4689
B,71	12.65	235.57	1189	12414	4742
B,72	12.71	237.73	767	6267	4768
B,73	12.75	238.72	1363	11759	4780
B,74	12.78	239.64	3299	33100	4791
B,75	12.86	242.39	251	2055	4824
B,76	12.91	243.80	235	1802	4841
B,77	13.11	250.16	1140	10598	4917
B,78	13.15	251.34	247	2046	4931
B,79	13.23	253.78	823	9296	4960
B,80	13.35	257.66	1734	17557	5006
B,81	13.51	262.83	594	5984	5067
B,82	13.57	264.53	199	2426	5087
B,83	13.71	269.14	203	2118	5141
B,84	13.75	270.42	53	402	5156
B,85	14.10	281.77	296	3130	5288
B,86	14.26	286.97	107	1002	5348
B,87	14.34	289.58	520	5253	5378
B,88	14.39	291.33	513	5288	5398
B,89	14.63	299.12	289	3002	5487
B,90	14.70	301.40	91	840	5512
B,91	14.85	306.79	52	458	5570
B,92	15.40	325.48	749	7915	5775
B,93	15.45	327.19	111	1047	5794
B,94	15.54	330.24	392	4164	5828
B,95	15.61	332.55	328	3625	5854
B,96	15.65	333.98	182	1271	5870
B,97	15.70	335.67	137	1053	5889
B,98	15.78	338.23	108	1676	5918
B,99	16.02	345.59	76	829	6006
B,100	16.07	347.22	501	5207	6026
B,101	16.20	351.35	57	673	6076
B,102	16.53	361.89	149	1709	6200
B,103	16.58	363.35	132	1519	6217
B,104	16.76	369.32	266	2503	6286
B,105	16.84	371.93	684	6748	6316
B,106	17.02	377.91	89	965	6384
B,107	17.06	379.24	431	4563	6399
B,108	17.16	382.35	102	1005	6434
B,109	17.70	400.74	72	1183	6637
B,110	17.96	409.89	163	2421	6736
B,111	18.34	423.22	77	887	6879
B,112	18.37	423.97	54	555	6887
B,113	19.13	450.90	127	1462	7172
B,114	19.25	455.09	5352	66081	7218
B,115	19.54	465.27	121	1274	7328
B,116	19.64	468.66	180	2128	7364
G,1	8.39	107.70	78	840	3145
G,2	9.44	137.88	74	748	3539
G,3	9.78	148.79	58	658	3667
G,4	11.91	212.88	82	877	4465
G,5	12.78	239.89	87	879	4794
G,6	13.35	257.75	50	517	5007
G,7	19.25	455.18	130	1737	7219
R,1	5.62	35.00	380	3622	2107
R,2	6.16	50.00	454	3900	2311
R,3	7.21	75.00	534	4501	2703
R,4	8.10	100.00	608	4901	3039
R,5	9.47	139.00	681	5431	3553
R,6	9.82	150.00	709	5685	3681
R,7	10.14	160.00	713	5804	3802
R,8	11.48	200.00	779	6408	4305
R,9	13.01	246.81	791	7012	4877
R,10	14.66	300.00	857	7915	5497
R,11	15.83	340.00	881	8404	5938
R,12	16.16	350.00	893	8543	6060
R,13	17.68	400.00	929	9285	6629
R,14	19.10	450.00	941	9958	7162
R,15	20.22	490.00	947	10374	7584
R,16	20.47	500.00	946	10408	7678