B,1	6.38	55.86	54	685	2393
B,2	6.64	62.06	122	1006	2490
B,3	6.74	64.36	522	4466	2526
B,4	6.76	64.93	573	7255	2535
B,5	6.95	69.39	1970	16443	2605
B,6	6.98	70.09	1844	17844	2616
B,7	7.06	72.00	1558	19676	2646
B,8	7.18	74.94	196	1341	2692
B,9	7.21	75.79	393	3546	2704
B,10	7.25	76.94	317	2860	2720
B,11	7.31	78.53	405	4891	2742
B,12	7.38	80.35	1830	20727	2767
B,13	7.46	82.69	675	6161	2799
B,14	7.63	87.21	301	2537	2860
B,15	7.70	89.23	1431	17448	2887
B,16	7.75	90.66	640	8665	2906
B,17	7.82	92.62	128	970	2932
B,18	7.86	93.84	277	2321	2948
B,19	8.03	98.68	803	12323	3011
B,20	8.06	99.61	427	3670	3023
B,21	8.13	101.37	170	1966	3047
B,22	8.21	103.68	1296	16128	3079
B,23	8.28	105.58	758	5785	3105
B,24	8.32	106.60	2298	23632	3119
B,25	8.35	107.63	3492	36355	3133
B,26	8.43	109.77	540	4628	3162
B,27	8.52	112.29	448	4069	3196
B,28	8.64	115.66	1860	15801	3241
B,29	8.67	116.56	1436	13437	3253
B,30	8.72	117.77	1004	12373	3269
B,31	8.80	120.20	461	4614	3301
B,32	8.87	122.11	1888	18135	3326
B,33	8.95	124.34	1187	13447	3355
B,34	9.07	127.98	152	1430	3402
B,35	9.14	130.09	1187	10446	3429
B,36	9.28	134.04	993	13503	3479
B,37	9.31	135.07	1231	11941	3492
B,38	9.39	137.39	401	3703	3521
B,39	9.51	141.08	1252	13791	3565
B,40	9.57	143.25	1168	10460	3590
B,41	9.65	145.76	550	4398	3619
B,42	9.74	148.53	6392	70375	3651
B,43	9.87	152.82	254	1980	3702
B,44	9.91	153.89	927	7785	3715
B,45	9.93	154.63	1055	10962	3724
B,46	10.00	156.76	50	413	3750
B,47	10.05	158.38	1047	9178	3770
B,48	10.13	160.64	166	1485	3798
B,49	10.18	162.08	1343	12122	3816
B,50	10.30	165.76	649	6995	3862
B,51	10.43	169.60	2787	39248	3910
B,52	10.54	172.88	920	8342	3951
B,53	10.65	176.16	1970	18685	3992
B,54	10.70	177.76	2224	20676	4012
B,55	10.78	180.23	331	2610	4043
B,56	10.84	182.07	82	576	4066
B,57	10.98	186.22	2461	22935	4118
B,58	11.05	188.29	381	4559	4144
B,59	11.12	190.28	239	1976	4169
B,60	11.21	193.15	78	953	4205
B,61	11.41	198.89	405	3624	4277
B,62	11.46	200.40	671	5663	4296
B,63	11.49	201.36	1039	10137	4308
B,64	11.64	205.95	880	8579	4365
B,65	11.66	206.67	704	6037	4374
B,66	11.86	212.74	7870	94732	4449
B,67	12.15	221.37	73	1099	4555
B,68	12.33	226.95	800	8791	4623
B,69	12.45	230.57	716	7111	4667
B,70	12.56	234.21	908	7226	4711
B,71	12.61	235.53	1615	16885	4727
B,72	12.67	237.53	1409	13633	4751
B,73	12.74	239.69	974	7921	4777
B,74	12.83	242.44	617	5474	4810
B,75	12.87	243.77	284	2388	4826
B,76	12.93	245.53	97	741	4847
B,77	13.07	250.14	1146	10810	4902
B,78	13.11	251.48	505	4576	4918
B,79	13.19	253.76	1244	11724	4945
B,80	13.31	257.73	1510	15557	4992
B,81	13.47	262.90	904	10016	5053
B,82	13.54	264.94	557	5171	5077
B,83	13.67	269.04	1519	25462	5125
B,84	14.00	279.87	231	2135	5251
B,85	14.06	281.68	342	3411	5272
B,86	14.22	286.88	337	3070	5332
B,87	14.31	289.93	616	5767	5367
B,88	14.35	291.06	443	4216	5380
B,89	14.38	292.20	917	8871	5393
B,90	14.46	294.65	145	1384	5421
B,91	14.59	299.12	781	7867	5472
B,92	14.66	301.31	178	1642	5496
B,93	14.92	310.57	75	1590	5596
B,94	15.36	325.43	1020	10556	5759
B,95	15.41	327.05	182	1712	5777
B,96	15.55	331.81	669	9424	5830
B,97	15.74	338.31	487	8441	5903
B,98	15.82	340.75	278	2473	5931
B,99	16.02	347.20	412	4289	6009
B,100	16.15	351.27	74	712	6058
B,101	16.23	353.81	148	1486	6088
B,102	16.37	358.17	54	674	6139
B,103	16.49	361.86	254	2834	6182
B,104	16.53	363.42	279	3390	6200
B,105	16.72	369.42	252	2335	6269
B,106	16.79	371.96	1350	14273	6298
B,107	16.87	374.59	58	437	6328
B,108	16.97	377.78	93	919	6364
B,109	17.01	379.20	396	4146	6380
B,110	17.11	382.32	177	1692	6415
B,111	17.50	395.78	915	11711	6564
B,112	17.65	400.83	222	3589	6619
B,113	17.91	409.81	247	3560	6716
B,114	18.13	417.36	68	905	6797
B,115	18.32	424.11	200	3365	6869
B,116	18.98	447.61	136	1603	7117
B,117	19.49	465.32	221	2558	7308
B,118	20.35	497.30	69	1006	7632
G,1	6.98	70.28	56	632	2619
G,2	7.38	80.42	66	563	2768
G,3	8.21	103.76	50	661	3080
G,4	8.32	106.68	63	638	3120
G,5	8.36	107.70	111	1117	3134
G,6	8.65	115.81	52	431	3243
G,7	8.88	122.34	51	546	3329
G,8	9.74	148.70	168	2014	3653
G,9	10.43	169.60	71	974	3910
G,10	10.65	176.32	55	472	3994
G,11	10.70	177.92	62	632	4014
G,12	10.99	186.38	79	711	4120
G,13	11.86	212.74	770	4132	4449
G,14	12.61	235.78	51	525	4730
G,15	13.67	269.12	52	523	5126
R,1	5.60	35.00	396	3683	2099
R,2	6.14	50.00	463	3981	2302
R,3	7.18	75.00	548	4591	2693
R,4	8.07	100.00	618	4936	3028
R,5	9.44	139.00	695	5566	3541
R,6	9.78	150.00	713	5812	3668
R,7	10.11	160.00	721	5933	3790
R,8	11.44	200.00	788	6539	4291
R,9	12.97	246.95	808	7236	4864
R,10	14.62	300.00	883	8097	5482
R,11	15.79	340.00	890	8538	5922
R,12	16.11	350.00	917	8741	6043
R,13	17.63	400.00	953	9528	6610
R,14	19.05	450.00	959	10085	7142
R,15	20.17	490.00	967	10575	7563
R,16	20.42	500.00	958	10769	7657